0.3725
0.5510
0.2537
0.5765
0.4933
0.4000
0.5330
0.6594
0.2639
0.4355
0.4609
0.3261
0.6129
0.5161
0.3626
0.4568
0.3933
0.6596
0.3333
0.3776
0.6824
0.8880
0.4244
0.2927
0.3546
0.5669
0.5696
0.4503
0.4921
0.4556
0.4533
0.2360
0.2941
0.4545
0.5472
0.2813
0.3706
0.3529
0.4694
0.4839
0.4411
0.3185
0.0976
0.3922
0.5135
0.3878
0.3662
0.3267
0.3495
0.5103
0.5094
0.3844
0.4877
0.3595
0.3721
0.2588
0.3483
0.3224
0.2609
0.2737
0.1935
0.3585
0.4416
0.2712
0.1746
0.4904
0.2353
0.2842
0.3528
0.4638
0.3803
0.0571
0.4094
0.1698
0.3913
0.4734
0.4255
0.5260
0.3458
0.2432
0.5034
0.2896
0.4521
1.0000
0.1987
0.4719
0.9595
0.4490
0.3243
0.3617
0.4436
0.3039
0.2857
0.2568
0.2357
0.3214
0.2629
0.2917
0.4110
0.4719
0.3701
0.2522
0.3462
0.3713
0.3008
0.4426
0.3934
0.5211
0.4215
0.3913
0.5120
0.3546
0.5048
0.4675
0.8562
0.4762
0.3103
0.2777
0.6964
0.4778
0.4442
0.3404
0.3978
0.7042
0.3608
0.4818
0.5111
0.2571
0.4068
0.5812
0.5079
0.3077
0.4898
0.4651
0.3133
0.0508
0.5455
0.1901
0.3048
0.6744
0.2667
0.2558
0.5634
0.5325
0.3333
0.5556
0.4845
0.4924
0.7883
0.1639
0.4321
0.3373
1.0000
0.4965
0.5047
0.2152
0.3273
0.5138
0.5263
0.3945
0.3820
0.4375
0.3699
0.4965
0.3841
0.3333
0.5258
0.3846
0.3038
0.2535
0.4641
0.3439
0.5918
0.4971
0.3774
0.3846
0.2135
0.3385
0.4286
0.5082
0.3122
0.4860
0.4151
0.4264
0.5026
0.2951
0.4706
0.4301
0.2619
0.2577
0.7419
0.2908
0.4716
0.4457
0.4880
0.4031
0.5577
0.1932
0.4028
0.3910
0.3953
0.4118
0.6667
0.5658
0.1902
0.5496
0.6627
0.5342
0.3671
0.4815
0.7547
0.5625
0.4720
0.4406
0.5068
0.8414
0.4314
0.3770
0.4819
0.5143
0.4011
0.1905
0.3143
0.5850
0.3333
0.3846
0.4264
0.3768
0.5082
0.3262
0.4262
0.4270
0.3577
0.4925
0.3106
0.4370
0.3913
0.3377
0.2593
0.3082
0.3037
0.1681
0.3254
0.3613
0.5801
0.4925
0.4634
0.5584
0.4529
0.3307
0.1739
0.3451
0.4203
0.7227
0.2593
0.5195
0.7317
0.3231
0.1887
0.2653
0.1807
0.3821
0.1864
0.3702
0.4086
0.2174
0.5825
0.3564
0.4956
0.5101
0.4783
0.3012
0.2727
0.3546
0.2261
0.3950
0.5496
0.5409
0.1605
0.4883
0.4653
0.5302
0.5856
0.5238
0.6374
0.3034
0.5957
0.5108
0.3614
0.4277
0.2261
0.2448
0.2468
0.4173
0.4000
0.6211
0.3333
0.3673
0.4641
0.2258
0.3735
0.5590
0.6471
0.2821
0.3284
0.4312
0.3043
0.2828
0.3529
0.4602
0.4667
0.2252
0.3299
0.3673
0.2710
0.4937
0.5195
0.6041
0.2888
0.2754
0.5655
0.4430
0.4049
0.3636
0.4069
0.5659
0.2376
0.5333
0.3592
0.3086
0.3433
0.3636
0.4050
0.3453
0.5048
0.3636
0.3985
0.1404
0.3727
0.5829
0.6341
0.4532
0.5730
0.2762
0.5065
0.4783
0.4286
0.4493
0.4148
0.4149
0.7439
0.3675
0.4182
0.3210
0.9600
0.3846
0.3985
0.7848
0.3704
0.4370
0.5856
0.8571
0.3448
0.4196
0.7451
0.5714
0.2542
0.5062
0.3538
0.5195
0.4958
0.4000
0.4443
0.4878
0.6612
0.5224
0.4222
0.2195
0.7067
0.4356
0.4261
0.5027
0.7664
0.2667
0.2346
0.7407
0.2642
0.6364
0.5432
0.3469
0.3887
0.5372
0.3578
0.5297
0.4026
0.3856
0.8400
0.2022
0.2697
0.3663
0.3579
0.4737
0.4471
0.6232
0.3861
0.3725
0.4074
1.0000
0.4340
0.4824
0.4685
0.4485
0.2281
0.3636
0.2740
0.3651
0.4842
0.3168
0.5825
0.3465
0.4545
0.5979
0.4468
0.4490
0.3924
0.3333
0.2637
0.2449
0.3288
0.4190
0.4588
0.2683
0.3135
0.3053
0.3333
0.4800
0.4395
0.4528
0.3492
0.4413
0.4021
0.2466
0.4595
0.4762
0.2698
0.2987
0.8481
0.3218
0.4146
0.8503
0.4266
0.2381
0.3220
0.5691
0.2933
0.4353
0.3243
0.6162
1.0000
0.3731
0.2043
0.4174
0.2222
0.5170
0.7184
0.3619
0.5176
0.6575
1.0000
0.5143
0.0843
0.2174
0.3488
0.4748
0.4138
0.5672
0.4795
0.6263
0.2208
0.4587
0.3970
0.5263
0.4286
0.2947
0.3137
0.2043
0.4398
0.3933
0.2581
0.1867
0.4458
0.3368
0.4561
0.3623
0.3440
0.3651
0.1236
0.3065
0.3077
0.4932
0.4681
0.5043
0.4286
0.1692
0.3333
0.5149
0.3817
0.1507
0.2532
0.3226
0.4320
0.2774
0.4798
0.5798
0.5451
0.4135
0.5433
0.2683
0.3703
0.5867
0.4211
0.2051
0.4552
0.3840
0.5931
0.4513
0.2542
0.5774
0.4964
0.3333
0.3314
0.2683
0.4127
0.4658
0.7697
0.2371
0.3381
0.4712
0.3495
0.3153
0.3929
0.4490
0.4843
0.3158
0.4235
0.4348
0.2764
0.4051
0.4206
0.3797
0.3580
0.5789
0.3544
0.4817
0.4663
0.4590
0.4615
0.3362
0.5046
0.3671
0.6330
0.2062
0.4785
0.3949
0.5874
0.5840
0.2388
0.4059
0.0889
0.3926
0.4316
0.3762
0.6058
0.8261
0.4359
0.1356
0.2353
0.9333
0.1746
0.5647
0.7634
0.3645
0.2637
0.2903
0.4118
0.3559
0.3371
0.5862
0.6512
0.4521
0.2277
0.2889
0.3333
0.3427
0.4000
0.1982
0.3934
0.7600
0.3636
0.2811
0.2844
0.4444
0.3714
0.4354
0.4159
0.5035
0.4215
0.4400
0.4773
0.4910
0.2716
0.1509
0.4973
0.6075
0.4683
0.4857
0.3333
0.3869
0.3210
0.3768
0.8000
0.3626
0.3216
0.4388
0.4815
0.4045
0.4574
0.4030
0.4528
0.4568
0.2623
0.5597
0.0476
0.3657
0.2737
0.4255
0.1333
0.2549
0.4321
0.2682
0.2903
0.2979
0.2958
0.2473
0.4499
0.1163
0.4222
0.3165
0.6015
0.3733
0.3067
0.6884
0.4154
0.3515
0.3636
0.3524
0.5714
0.4026
0.6614
0.2771
0.4819
0.3038
0.6040
0.6507
0.3433
0.3030
0.4742
0.4359
0.4675
0.3037
0.2462
0.3643
0.5965
0.4386
0.5897
0.4369
0.5065
0.1538
0.3268
0.4348
0.4886
0.4082
0.5758
0.6129
0.4348
0.5479
0.5227
0.3871
0.2203
0.5532
0.2414
0.4481
0.3373
0.4842
0.5697
0.5062
0.2639
0.6506
0.3617
0.4545
0.6364
0.3250
0.5652
0.3333
0.4643
0.2973
0.5802
0.4350
0.3607
0.4194
0.5652
0.1053
0.6667
0.2785
0.4673
0.6667
0.3866
0.4262
0.2883
0.6410
0.7317
0.2977
0.4214
0.2963
0.4571
0.4444
0.4182
0.2562
0.4000
0.4690
0.3636
0.4118
0.4012
0.2914
0.3111
0.3137
0.2537
0.3554
0.5405
0.5676
0.4954
0.5248
0.4109
0.3496
0.3524
0.2151
0.5360
0.2762
0.4725
0.4158
0.4199
0.5410
0.3628
0.2600
0.2642
0.5752
0.4286
0.5294
0.0364
0.2584
0.2771
0.4175
0.0843
0.3247
0.3043
0.2783
0.4918
0.3580
0.5846
0.5333
0.3455
0.3297
0.2637
0.3377
0.3830
0.2881
0.4912
0.3509
0.4819
0.3694
0.3653
0.4237
0.3763
0.4919
0.5263
0.5827
0.2055
0.5065
0.6769
0.2577
0.5165
0.3969
0.4685
0.4981
0.4708
0.3697
0.3529
0.3455
0.6122
0.4384
0.3721
0.4248
0.4003
0.5929
0.3011
0.3968
0.1282
0.7097
0.3245
0.1636
0.3976
0.4590
0.4835
0.3427
0.1538
0.3529
0.4124
0.1429
0.2982
0.2456
0.2373
0.1702
0.3874
0.2231
0.2566
0.2286
0.3731
0.2857
0.3488
0.3488
0.2203
0.2658
0.2222
0.3182
0.3360
0.3582
0.3469
0.4156
0.3642
0.3099
0.2923
0.3077
0.4918
0.2866
0.5047
0.4828
0.2540
0.4747
0.5376
0.3824
0.8571
0.3717
0.4257
0.2212
0.3494
0.3692
0.4194
0.5497
0.4829
0.5855
0.5960
0.2909
0.4865
0.4199
0.2583
0.3932
0.4757
0.5036
0.4941
0.3651
0.5556
0.4441
0.4286
0.4762
0.4202
0.5574
0.3158
0.4286
0.4159
0.3294
0.2105
0.4265
0.2807
0.5639
0.3987
0.2371
0.8097
0.3274
0.4179
0.3059
0.3279
0.4528
0.3932
0.3841
0.2366
0.4127
0.2058
0.2308
0.1364
0.3864
0.3967
0.2785
0.4815
0.5479
0.4375
0.5238
0.4690
0.4444
0.3913
0.6000
0.4315
0.3577
0.4498
0.2712
0.3093
0.3798
0.5167
0.2773
0.5043
0.4430
0.3582
0.4118
0.1294
0.8889
0.3051
0.3736
0.2740
0.6814
0.2683
0.4079
0.5738
0.5660
0.3622
0.9574
0.3057
0.2981
0.6092
0.4307
0.2105
0.3396
0.1837
0.1449
0.3344
0.2192
0.4649
0.5738
0.5481
0.4091
0.1200
0.2419
0.4569
0.2651
0.2239
0.0889
0.4713
0.3762
0.4742
0.7681
0.3947
0.3810
0.4894
0.7368
0.5349
0.2529
0.2771
0.5620
0.5425
0.4615
0.1587
0.2381
0.3404
0.3267
0.4534
0.4825
0.4203
0.4798
0.4930
0.3521
0.4783
0.5099
0.4177
0.4304
0.6620
0.4308
0.1944
0.3206
0.6883
0.4685
0.2000
0.4947
0.3188
0.3380
0.4727
0.3596
0.4414
0.3548
0.4301
0.5862
0.6897
0.5483
0.3383
0.3682
0.5944
0.7077
0.2381
0.6150
0.4141
0.4419
0.5714
0.2000
0.4154
0.2243
0.4528
0.5575
0.3969
0.1940
0.3714
0.4167
0.3675
0.3580
0.4017
0.3315
0.5316
0.3846
0.4867
0.4651
0.4224
0.3579
0.4058
0.1633
0.3678
0.2982
0.3636
0.4430
0.3664
0.4364
0.3333
0.4253
0.2673
0.4507
0.3896
0.5960
0.5470
0.4186
0.2874
0.4873
0.4834
0.2593
0.4500
0.2667
0.3924
0.3440
0.4812
0.1429
0.5979
0.3240
0.3600
0.3547
0.3066
1.0000
0.3043
0.2348
0.6058
0.4713
0.5072
0.2897
0.2673
0.3415
0.2449
0.3028
0.3333
0.4746
0.2568
0.3111
0.5200
0.3448
0.7143
0.3226
0.1368
0.4380
0.4464
0.3471
0.4294
0.5161
0.3981
0.3867
0.5802
0.4444
0.4471
0.5714
0.5304
0.5170
0.3559
0.4237
0.6400
0.3838
0.3579
0.3200
0.3175
0.5354
0.5051
0.2464
0.5217
0.5149
0.2553
0.4154
0.3443
0.2640
0.3734
0.3571
0.3038
0.2867
0.4615
0.2281
0.3978
0.3043
0.5030
0.3968
0.4162
0.3978
0.3193
0.3171
0.7287
0.4211
0.5789
0.4246
0.4035
0.4887
0.3810
0.4330
0.3282
0.4599
0.5149
0.4400
0.5405
0.4098
0.4348
0.4706
0.7929
0.4805
0.2667
0.4151
0.2195
0.5405
0.1270
0.3457
0.4151
0.5333
0.3939
0.6909
0.2526
0.1084
0.4522
0.3846
0.5366
0.4507
0.4262
0.6617
0.3198
0.4261
0.3288
0.4294
0.3866
0.5196
0.3193
0.3803
0.2963
0.3037
0.3704
0.5517
0.2849
0.2449
0.4225
0.4103
0.4151
0.2462
0.4307
0.2222
0.3979
0.4491
0.3200
0.4620
0.2658
0.3551
0.1628
0.3226
0.4641
0.4179
0.3761
0.4444
0.3677
0.3910
0.3944
0.5333
0.3889
0.3964
0.4737
0.4673
0.3802
0.4053
0.4505
0.2637
0.3220
0.3771
0.4087
0.3200
0.4217
0.5080
0.2043
0.2911
0.4123
0.3623
0.4151
0.4532
0.4308
0.5473
0.1591
0.5182
0.3104
0.2688
0.5507
0.2239
0.4860
0.2769
0.1778
0.0465
0.0923
0.5183
0.4098
0.4314
0.7019
0.2222
0.4174
0.3478
0.1549
0.5826
0.3671
0.3985
0.3197
0.2817
0.1273
0.2279
0.2921
0.5421
0.2245
0.6923
0.4628
0.5556
0.4390
0.4562
0.5185
0.3896
0.4651
0.4660
0.3659
0.2098
0.3636
0.4839
0.4857
0.4883
1.0000
0.3818
0.3732
0.4762
0.3701
0.4110
0.2771
0.4268
0.7467
0.5034
0.4270
0.4483
0.4021
0.5050
0.3171
0.3363
0.7005
0.4426
0.4388
0.2000
0.3015
0.2857
0.4110
0.4180
0.3784
0.2706
0.7184
0.4065
0.3118
0.2878
0.5537
0.2807
0.4058
0.3913
0.3425
0.3097
0.2384
0.4706
0.1765
0.4828
0.3684
0.4433
0.5169
0.4595
0.2793
0.3333
0.3590
0.2211
0.3896
0.6364
0.1905
0.3719
0.5676
0.4242
0.5155
0.4775
0.6203
0.3265
0.4060
0.4521
0.4054
0.6634
0.3846
0.5098
0.3394
0.3582
0.3226
0.4242
0.4660
0.6063
0.4752
0.3831
0.6400
0.3077
0.7407
0.3841
0.4789
0.5484
0.4335
0.4811
0.1026
0.3319
0.2881
0.4043
0.4309
0.4118
0.3608
0.7294
0.2353
0.2697
0.4805
0.3878
0.4000
0.3671
0.2405
0.3038
0.4528
0.4444
0.4912
0.5385
0.4737
0.4615
0.3548
0.4000
0.4096
0.3652
0.5876
0.6807
0.3645
0.5828
0.4386
0.4464
0.5909
0.4419
0.3187
0.9740
0.3311
0.5228
0.5034
0.5354
0.4819
0.4745
0.4745
0.2807
0.3455
0.1176
0.4937
0.4087
0.2105
0.3270
0.4615
0.3093
0.3865
0.1579
0.2388
0.4286
0.3768
0.3586
0.3007
0.0571
0.3147
0.4725
0.5152
0.3368
0.2527
0.1367
0.2874
0.4384
0.3071
0.3744
0.5030
0.5065
0.6835
0.3471
0.3706
0.4748
0.1795
0.3871
0.4500
0.6667
0.3946
0.3233
0.4033
0.4320
0.3697
0.3372
0.2098
0.4805
0.3310
0.4112
0.1081
0.5188
0.4065
0.4341
0.2025
0.8462
0.3729
0.5578
0.7778
0.3714
0.5190
0.3908
0.2824
0.4444
0.4553
0.2917
0.2778
0.2828
0.3602
0.3217
0.3684
0.4534
0.4023
0.5217
0.2913
0.2376
0.2523
0.3556
0.4080
0.2353
0.3544
0.4342
0.3770
0.5439
0.3448
0.3514
0.3988
0.1212
0.5238
0.5135
0.2135
0.6078
0.7484
0.4234
0.6452
0.6593
0.4862
1.0000
0.4348
0.2340
0.3448
0.4252
0.3333
0.4359
0.5905
0.1778
0.5369
0.3810
0.2174
0.0617
0.4051
0.3232
0.2245
0.1975
0.4567
0.3130
0.4643
0.4270
0.4462
0.5612
0.2987
0.3414
0.5342
0.2126
0.3171
0.3212
0.4671
0.4340
0.7576
0.4234
0.4300
0.2759
0.5405
0.4786
0.4828
0.4113
0.4894
0.3277
0.5059
0.2093
0.4690
0.8718
0.2308
0.3456
0.2842
0.2817
0.9540
0.2564
0.3857
1.0000
0.5169
0.4314
0.1392
0.4621
0.3977
0.3025
0.3586
0.4384
0.5422
0.3333
0.5738
0.3223
0.4828
0.2687
0.4603
0.4331
0.4286
0.5169
0.5605
0.4384
0.2424
0.3636
0.4348
0.2295
0.4884
0.3239
0.4700
0.3146
0.2951
0.3419
0.4815
0.4219
0.3535
0.3930
0.4431
0.4409
0.2323
0.3179
0.7016
0.4286
0.3030
0.3863
0.6454
0.5159
0.4304
0.3968
0.5676
0.2319
0.2105
0.5794
0.3418
0.4433
0.3089
0.3072
0.3821
0.3158
0.3458
0.2182
0.6716
0.6465
0.5663
0.4054
0.2759
0.3193
0.4030
0.4486
0.4490
0.4741
0.4286
0.4430
0.1277
0.4332
0.3274
0.4857
1.0000
0.9057
0.4087
0.2857
0.4510
0.4237
0.6392
0.3631
0.4835
0.3239
0.2712
0.3218
0.4328
0.5600
0.3962
0.4678
0.4634
0.3803
0.4177
0.4488
0.5426
0.3973
0.2128
0.4098
0.4918
0.3913
0.3580
0.5128
0.4197
0.5783
0.4857
0.3821
0.3846
0.4824
0.2824
0.3737
0.4126
0.3852
0.4400
0.2690
0.2632
0.3429
0.3860
0.7228
0.2828
0.3187
0.5394
0.3048
0.3846
0.5070
0.3133
0.3247
0.4113
0.5588
0.1912
0.3279
0.4539
0.2667
0.3740
0.1475
0.4603
0.4179
0.3596
0.2235
0.7467
0.3855
0.7383
0.5054
0.2178
0.3664
0.5055
0.5333
0.2529
0.4747
0.5490
0.5461
0.3247
0.4390
0.4783
0.4312
0.4154
0.4557
0.5353
0.2667
0.3975
0.5699
0.2877
0.3248
0.5217
0.3977
0.3548
0.3758
0.4694
0.1887
0.6522
0.4892
0.3130
0.5347
0.3223
0.3193
0.4452
0.4410
0.7319
0.6014
0.2961
0.6701
0.3259
0.3211
0.4505
0.3218
0.3067
0.4691
0.3200
0.6455
1.0000
0.2716
0.4143
0.3284
0.3882
0.4444
0.4227
0.5114
0.1695
0.3297
0.1940
0.3407
0.4194
0.3580
0.3427
0.3265
0.2807
0.4214
0.3220
0.3191
0.4860
0.5152
0.5873
0.3684
0.4623
0.5806
0.3973
0.4361
0.1950
0.6086
0.3390
0.3404
0.4316
0.2192
0.3568
0.4961
0.6098
0.5298
0.4384
0.2340
0.5926
0.5229
0.3721
0.5333
0.1938
0.5082
0.2874
0.1111
0.4699
0.2472
0.3866
0.4733
0.4476
0.3333
0.5660
0.4490
0.3333
0.3061
0.4780
0.4580
0.4430
0.2286
0.4030
0.3546
0.5059
0.3662
0.4380
0.4476
0.3548
0.2701
0.3484
0.4516
0.5211
0.3935
0.2712
0.4272
0.4328
0.4356
0.4510
0.3851
0.6510
0.3717
0.4331
0.4956
0.4417
0.4742
0.5789
0.6812
0.4530
0.5371
0.3659
0.4538
0.5254
0.3902
0.4576
0.4644
0.2603
0.2718
0.5006
0.1758
0.5600
0.4362
0.4628
0.3478
0.4203
0.3937
0.3562
0.2747
0.6935
0.4416
0.1688
0.3380
0.3273
0.5676
0.3953
0.3165
0.3404
1.0000
0.5343
0.4231
0.4471
0.2479
0.3750
0.3421
0.2093
0.4353
0.4884
0.2747
0.4831
0.3153
0.3622
0.2381
0.2716
0.3228
0.3556
0.2545
0.5397
0.2500
0.4207
0.3466
0.1955
0.4328
0.4571
0.3402
0.4624
0.3291
0.4780
0.3784
0.2344
0.5556
0.4059
0.5108
0.5088
0.5179
0.4457
1.0000
0.4720
0.3571
0.3083
0.5471
0.4815
0.4510
0.4835
0.5655
0.4229
0.4928
0.4894
0.6589
0.4701
0.2673
0.5507
0.2338
0.4068
0.5302
0.3184
0.3913
0.3731
0.4069
0.3257
0.4000
0.4560
0.2562
0.4026
0.4662
0.3504
0.4228
0.1852
0.4444
0.2727
0.5278
0.5556
1.0000
0.4932
0.3846
0.3597
0.3681
0.3836
0.5789
0.1579
0.2617
0.4000
0.4486
0.3412
0.4526
0.5082
0.3803
0.7091
0.3727
0.4320
0.2353
0.5393
0.4177
0.4040
0.3704
0.3176
0.4118
0.4790
0.3165
0.4467
0.3807
0.3738
0.2372
0.5072
0.4175
0.3200
0.5031
0.4282
0.3115
0.3741
0.5385
0.4105
0.4253
0.2444
0.5306
0.4286
0.5714
0.6286
0.3484
0.4128
0.4078
0.3920
0.2658
0.4196
0.4910
0.3333
0.3731
0.4433
0.3023
0.3846
0.4384
0.1714
0.3385
0.3770
0.4865
0.2642
0.2796
0.4912
0.4952
0.5625
0.6134
0.2817
0.4648
0.4270
0.2623
0.2584
0.2476
0.1000
0.4706
0.4557
0.2762
0.4539
0.2308
0.4068
0.4925
0.4242
0.3023
0.1628
0.5122
0.2540
0.3953
0.3820
0.5946
1.0000
0.5714
0.1400
0.4556
0.5000
0.3506
0.3533
0.3651
0.4157
0.8772
0.4444
0.5302
0.3386
0.4225
0.3220
0.5253
0.5077
0.3558
0.3133
0.4787
0.6581
0.3503
0.1594
0.4777
0.3333
0.5138
0.5432
0.4146
0.4000
0.2222
0.6667
0.3053
0.9355
0.4444
0.3535
0.2953
0.7600
0.3765
0.5455
0.4369
0.3979
0.2439
0.4526
0.4842
0.4557
0.4032
0.2022
0.3793
0.4082
0.5244
0.3614
0.4034
0.2933
0.7520
0.5686
0.6364
0.3083
0.4651
0.4400
0.4270
0.4444
0.4085
0.2295
0.5057
0.5814
0.4571
0.4413
0.3582
0.4970
0.4138
0.2787
0.3725
0.5172
0.3987
0.2571
0.3521
0.3391
0.3243
0.4814
0.4839
0.4301
0.2817
0.5170
0.4156
0.3333
0.7089
0.4255
0.4691
0.4085
0.3673
0.4353
0.4701
0.4364
0.3465
0.2842
0.1633
0.3483
0.0923
0.3600
0.3091
0.4962
0.4783
0.3699
0.4000
0.4752
0.5410
0.4579
0.4286
0.3982
0.3833
0.5714
0.4503
0.6203
0.3333
0.3985
0.3380
0.5556
0.1373
0.4043
0.3741
0.5294
0.4144
0.4262
0.4086
0.1795
0.3423
0.3964
0.5294
0.4909
0.4400
0.5369
0.4949
0.5366
0.4698
0.4138
0.3253
0.4353
0.2558
0.4646
0.4586
0.4426
0.4867
0.4940
0.3333
0.3662
0.5814
0.5138
0.3063
0.4000
0.2800
0.2198
0.4789
0.4400
0.3425
0.1159
0.2951
0.1868
0.5373
0.1373
0.1818
0.4438
0.4556
0.4214
0.4855
0.3543
0.5559
0.5172
0.4323
0.3991
0.3415
0.4371
0.4616
0.4876
0.4369
0.2738
0.3462
0.5327
0.5006
0.8861
0.8235
0.4222
0.5152
0.7196
0.4232
0.4128
0.3023
0.4366
0.5055
0.4528
0.4634
0.4138
0.4563
0.6598
0.5050
0.3356
0.3396
0.2267
0.4845
0.4559
0.4969
0.3605
0.3429
0.3803
0.3538
0.4892
0.2222
0.3807
0.2640
0.4862
0.3538
0.3607
0.3539
0.3878
0.4571
0.5088
0.5287
0.4746
0.3478
0.4930
0.5607
0.2198
0.3759
0.4234
0.4223
0.4161
0.4795
0.3252
0.2698
0.2371
0.4574
0.3692
0.4386
0.3429
0.4567
0.3742
0.1739
0.4128
0.4211
0.6164
0.4724
1.0000
0.4404
0.4124
0.3238
0.3248
0.3867
0.5950
0.3711
0.4724
0.2654
0.5118
0.4286
0.5964
0.3206
0.5505
0.1778
0.2810
0.5620
0.4788
0.3368
0.4848
0.3399
0.2970
0.2326
0.3308
0.4905
0.3415
0.4974
0.5897
0.2441
0.3243
0.2256
0.3431
0.3256
0.4444
0.4694
0.3840
0.5238
0.3655
0.3770
0.2419
0.4331
0.4684
0.3522
0.1754
0.4217
0.4414
0.4634
0.4877
0.3402
0.3188
0.4225
0.4316
0.3724
0.3597
0.3459
0.3588
0.3415
0.5056
0.4098
0.5385
0.1780
0.2162
0.3968
0.4483
0.4953
0.3876
0.3784
0.2718
0.9333
0.4528
0.5135
0.4876
0.4908
0.7808
0.4035
0.3099
0.2857
0.4502
0.3832
0.2889
0.5444
0.2761
0.3103
0.8512
0.3006
0.5000
0.4322
0.4725
0.4837
0.4184
0.2241
0.2468
0.3028
0.4800
0.4940
0.6066
0.4358
0.5616
0.3455
0.3944
0.3840
0.4639
0.3835
0.4815
0.1228
0.3478
0.2828
0.3402
0.4340
0.5274
0.4568
0.1967
0.2542
0.4563
0.3333
0.3506
0.3705
0.4155
0.3355
0.4603
0.5085
0.1186
0.3226
0.4314
0.3464
0.5422
0.5200
0.5714
0.4272
0.2836
0.2903
0.4247
0.2644
0.5133
0.2581
0.2976
0.3129
0.3299
0.2571
0.5745
0.3191
0.2400
0.1475
0.5000
0.5194
0.1864
0.4755
0.5712
0.2857
0.3878
0.4872
0.3077
0.2466
0.3757
0.5915
0.4304
0.2429
0.4590
0.3667
0.3684
0.5758
0.4564
0.4609
0.4655
0.4908
0.3529
0.3624
0.1468
0.3333
0.2632
0.3671
0.4167
0.4839
0.5281
0.6327
0.3497
0.4186
0.2941
0.4862
0.2857
0.7561
0.3077
0.4751
0.3373
0.2432
0.2075
0.4713
0.3475
0.4615
0.3238
0.3538
0.1887
0.4172
0.3918
0.4965
0.2703
0.6994
0.5456
0.3764
0.4397
0.4484
0.6101
0.3275
0.4364
0.4245
0.7080
0.5872
0.3918
0.2933
0.5253
0.3631
0.3253
0.5225
0.3874
0.5369
0.2868
0.6634
0.7122
0.3546
0.5440
0.4000
0.4640
0.2240
0.5210
0.2222
0.4615
0.4368
0.2727
0.2936
0.4186
0.3591
0.4272
0.3347
0.5926
0.3536
0.4526
0.2816
0.4699
0.4240
0.3565
0.1728
0.3162
1.0000
0.4310
0.2169
0.3394
0.0787
0.2295
0.0702
0.5294
0.5586
0.3922
0.2637
0.2982
0.3433
0.5044
0.4953
0.5721
0.2970
0.4713
0.3085
0.3415
0.2687
0.4530
0.1158
0.2941
0.5106
0.2923
0.2581
0.7143
0.2857
0.4472
0.3182
0.3111
0.2294
0.3987
0.4404
0.4072
0.3182
0.2778
0.2807
0.4946
0.3810
0.5517
0.5714
0.2836
0.4615
0.3714
0.2963
0.5593
0.3151
0.4026
0.2797
0.5172
0.3908
0.5965
0.4040
0.4943
0.4651
0.4708
0.4852
0.4916
0.4056
0.4579
0.3846
0.5528
0.4906
0.2071
0.4740
0.7473
0.4943
0.4938
0.4839
0.3200
0.3012
1.0000
0.5316
0.4463
0.4348
0.3333
0.3987
0.5867
0.3939
0.7265
0.6026
0.1975
0.3714
0.3333
0.4944
0.3497
0.5333
0.4270
0.5000
0.6818
0.4609
0.4706
0.3956
0.3115
0.3115
0.3893
0.4151
0.2876
0.3944
0.3429
0.2615
0.4060
0.3333
0.4058
0.3727
0.4041
0.2923
0.5057
0.4783
0.2809
0.4737
0.6133
0.3945
0.4331
0.3455
0.4828
0.6324
0.6065
0.5043
0.4806
0.5056
0.4364
0.4596
0.5891
0.4400
0.4854
0.3521
0.3384
0.5227
0.3333
0.4255
0.4314
0.2542
0.5315
0.2331
0.4545
0.5973
0.3922
0.4787
0.2165
0.1333
0.2000
0.5060
0.3623
0.2353
0.6016
0.1846
0.4725
0.3496
0.3099
0.5094
0.2653
0.1778
0.5128
0.4737
0.3333
0.3091
0.2655
0.3778
0.1239
0.3881
0.3571
0.5909
0.4486
0.4609
0.2331
0.4000
0.4689
0.1449
0.1220
0.1304
0.3196
0.4717
0.6653
0.2545
0.3469
0.4599
0.2615
0.5070
0.4331
0.5736
0.4240
0.3869
0.4536
0.3899
0.8772
0.3908
0.2933
0.4521
0.5693
0.4478
0.5814
0.5320
0.3291
0.3376
0.4925
0.6079
0.2642
0.1867
0.3168
0.3304
0.4336
0.2099
0.6691
0.3894
0.4144
0.4286
0.3147
0.3191
0.4768
0.5954
0.3506
0.4706
0.6596
0.3580
0.5591
0.5085
0.4516
0.3576
0.5484
0.4051
0.6129
0.7236
0.3333
0.6667
0.4272
0.2057
0.2899
0.5413
0.2208
0.4699
0.4058
0.6320
0.5846
0.6098
0.6884
0.4043
0.3200
0.2000
0.2439
0.1864
0.3646
0.4913
0.3056
0.5000
0.3012
0.2967
0.3333
0.5040
0.5260
0.4590
0.5417
0.7351
0.4865
0.5067
0.2624
0.1652
0.3908
0.3933
0.5128
0.4576
0.4397
0.4098
0.3504
0.3913
0.4154
0.3419
0.4685
0.4035
0.4454
0.4390
0.3861
0.3860
0.3190
0.6364
0.5969
0.2414
0.4217
0.3736
0.1887
0.5205
0.3841
0.2727
0.5385
0.0866
0.4264
0.3714
0.3926
0.5707
0.6084
0.3333
0.6238
0.4790
0.3613
0.6330
0.4023
0.3423
0.7143
0.3099
0.3304
0.5005
0.5669
0.3937
0.2090
0.3800
0.4324
0.4384
0.4951
0.4293
0.4444
0.3019
0.5263
0.4706
0.2632
0.4658
0.4738
0.4510
0.4975
0.3922
0.4025
0.4719
0.4354
0.4892
0.4417
0.2035
0.3857
0.3000
0.3623
0.5890
0.4082
0.2381
0.3731
0.3538
0.4745
0.1966
0.4182
0.4286
0.5641
0.3423
0.3469
0.4889
0.4566
0.2659
0.3825
0.6207
0.3920
0.4261
0.4545
0.4971
0.3613
0.4983
0.4146
0.5061
0.2805
1.0000
0.5000
0.4552
0.3937
0.4884
0.5239
0.3838
0.4673
0.4465
0.3631
0.2927
0.3760
0.4621
0.2479
0.3688
0.4250
0.5294
0.4752
0.3624
0.4107
0.4615
0.5149
0.2846
0.4075
0.2152
0.3691
0.4109
0.3478
0.2523
0.5421
0.3600
0.2407
0.3780
0.4433
0.3675
0.4955
0.4337
0.4815
0.3333
0.6217
0.4947
0.4387
0.4118
0.2848
0.3657
0.2446
0.2562
0.5146
0.3836
0.2934
0.2384
0.3158
0.3254
0.3191
0.4837
0.2483
0.4162
0.3951
0.5051
0.4497
0.3791
0.1899
0.4444
0.4059
0.3786
0.4842
0.3860
0.5286
0.4927
0.4466
0.6441
0.5968
0.4932
0.4307
0.6000
0.3841
0.3297
0.2456
0.3256
0.3871
0.3934
0.3836
0.3143
0.4651
0.3243
0.7534
0.5719
0.3855
0.7536
0.4138
0.3203
0.6239
0.3333
0.3490
0.3474
0.6688
0.5231
0.6076
0.5055
0.5102
0.8041
0.4348
0.4615
0.3673
0.3636
0.5436
0.0784
0.3178
0.2830
0.4438
0.5494
0.2385
0.4366
0.2857
0.5101
0.4458
0.2185
0.1818
0.3506
0.4503
0.7733
0.5714
0.3593
0.4237
0.3939
0.1702
0.4545
0.2400
0.4943
1.0000
0.4354
0.2913
0.2286
0.4070
0.4000
0.4022
0.2878
0.2261
0.2468
0.1898
0.5094
0.3101
0.4694
0.2909
0.5417
0.4267
0.3810
0.3636
0.2353
0.6374
0.3491
0.5679
0.2793
0.3624
0.3827
0.3165
0.1928
0.3922
0.3898
0.3913
0.4769
0.4304
0.6283
0.1967
0.1406
0.4400
0.4257
0.2482
0.3475
0.3648
0.4667
0.4576
0.2828
0.4375
0.3942
0.3064
0.5519
0.4327
0.5276
0.3533
0.4269
0.3046
0.3636
0.3429
0.4035
0.4417
0.7300
0.3750
0.4538
0.4317
0.5324
0.5556
0.3951
0.5321
0.4000
0.3538
0.5733
0.3455
0.5714
0.7705
0.6055
0.1860
0.7164
0.8411
0.3704
0.5278
0.7101
0.5579
0.5926
0.3137
0.3918
0.2982
0.4940
0.6000
0.3596
0.3814
0.3218
0.4453
0.4663
0.4779
0.4603
0.4237
0.2921
0.2581
0.3111
0.6923
0.4654
0.5092
0.5263
0.3596
0.4113
0.2549
0.2773
0.4270
0.4228
0.4359
0.3014
0.1429
0.4847
0.5181
0.3134
0.3607
0.3718
0.3976
0.3534
0.3725
0.8000
0.5810
0.1443
0.2979
0.3455
0.3896
0.2821
0.5926
0.9231
0.5333
0.2540
0.3945
0.3165
0.3111
0.2740
0.6735
0.4828
0.3529
0.4151
0.4522
0.4369
0.4727
0.4621
0.5038
0.5470
0.2581
0.4310
0.5030
0.6667
0.4828
0.4061
0.4928
0.4801
0.1765
0.3196
0.5102
0.2908
0.6271
0.2439
0.4681
0.4151
0.3494
0.1148
0.5854
0.3563
0.7169
0.3731
0.3516
0.3651
0.2033
0.1805
0.6277
0.4654
0.3576
0.4094
0.4000
0.4179
0.2889
0.6018
0.4056
0.3925
0.3263
0.2577
0.4328
0.3333
0.3281
0.3810
0.5491
0.3803
0.5628
0.5070
0.5447
0.3908
0.5172
0.4242
0.2897
0.4677
0.7398
0.4468
0.5784
0.5055
0.4082
0.2535
0.4320
0.4793
0.4557
0.4407
0.2892
0.3964
0.4222
0.2340
0.2432
0.2316
0.5619
0.3220
0.2703
0.8406
0.3762
0.3600
0.2131
0.4842
0.6913
0.3220
0.5545
0.3118
0.0400
0.3548
0.4887
0.1642
0.3680
0.4576
0.5210
0.3604
0.5031
0.4887
0.3188
0.2577
0.1333
0.4225
0.1402
0.5467
0.2269
0.3922
0.4617
0.5529
0.2340
0.2927
0.1556
0.5263
0.2288
0.4771
0.5813
0.3750
0.2783
0.2169
0.1940
0.5429
0.4328
0.3115
0.3978
0.1940
0.3960
0.6173
0.3451
0.4706
0.5660
0.5732
0.4330
0.2653
0.2624
0.4516
0.7067
0.5974
0.4340
0.3458
0.3175
0.3296
0.6514
0.5587
0.3077
0.3725
0.3333
0.5868
0.2651
0.3333
0.3750
0.3861
0.4065
0.6667
0.3902
0.4904
0.0000
0.6512
0.2523
0.3358
0.2281
0.1910
0.2553
0.4571
0.2601
0.3659
0.2400
0.3419
0.1818
0.2473
0.3793
0.6386
0.4074
0.4354
0.4035
0.2593
0.3882
0.0698
0.5047
0.5067
0.3673
0.3356
0.3196
0.3762
0.1273
0.4206
0.2051
0.3911
0.4902
0.5041
0.3407
0.5745
0.2703
0.4765
0.5054
0.3061
0.4615
0.2759
0.3506
0.4303
0.3939
0.3333
0.3724
0.4721
0.2121
0.6420
0.2759
0.3871
0.4603
0.2759
0.1884
0.2727
0.6280
0.3789
0.4545
0.2523
0.2571
0.3976
0.2558
0.3652
0.4928
0.3883
0.4430
0.3739
0.4651
0.7471
0.3396
0.3810
0.4658
0.3514
0.4969
0.4272
0.5049
0.2048
0.5337
0.5197
0.5455
0.4175
0.5075
0.2203
0.2941
0.4847
0.3448
0.6279
0.3533
0.4825
0.2653
0.5102
0.4860
1.0000
0.2069
0.6028
0.3876
0.4526
0.7568
0.3939
0.9310
0.5714
0.4272
0.2466
0.4286
0.4286
0.3619
0.5723
0.4268
1.0000
0.4533
0.4286
0.5806
0.1461
0.4736
0.3429
0.3762
0.1538
0.6867
0.3563
0.4134
0.4173
0.3838
0.5510
0.4054
0.4310
0.5846
0.3171
0.4312
0.4321
0.5275
0.3243
0.6134
0.3012
0.2857
0.3858
0.2477
0.2809
0.4382
0.2990
0.4304
0.4301
0.5063
0.3158
0.4845
0.4865
0.3810
0.5124
0.7538
0.2453
0.3191
0.3171
0.3937
0.3333
0.2574
0.0732
0.3282
0.2785
0.5057
0.4651
0.4667
0.3721
0.3494
0.2469
0.3887
0.2037
0.4348
0.4350
0.7368
0.3600
0.0235
0.5632
0.2222
0.2716
0.1915
0.3182
0.5772
0.4646
0.3150
0.6667
0.2609
0.3171
0.5111
0.3333
0.5354
0.5000
0.2330
0.3464
0.3562
0.2880
0.3241
0.3526
0.4796
0.5955
0.2661
0.4937
0.5207
0.4270
0.4667
0.4094
0.3731
0.3869
0.3901
0.5745
0.2712
0.3769
0.2754
0.2162
0.4769
0.2558
0.5122
0.4040
0.3438
0.2079
0.8378
0.2198
0.4208
0.3333
0.5135
0.3529
0.3043
0.3721
0.1212
0.1652
0.4952
0.3608
0.2927
0.5028
0.6126
0.5424
0.4074
0.8939
0.4832
0.3089
0.3675
0.2581
0.3570
0.4236
0.4219
0.3778
0.4915
0.4471
0.4378
0.5949
0.4023
0.4648
0.2908
0.4021
0.3692
0.2564
0.3093
0.3143
0.3417
0.4331
0.3333
0.4251
0.5060
0.5135
0.6346
0.5231
0.2836
0.3962
0.5060
0.5808
0.3585
0.3684
0.6694
0.4926
0.2549
0.3874
0.4279
0.1266
0.4715
0.2524
0.4158
0.4673
0.3289
0.2603
0.4233
0.5692
0.3130
0.3514
0.3253
0.5800
0.5333
0.5040
0.3012
0.5276
0.7103
0.4354
0.3448
0.5044
0.5075
0.4545
0.5000
0.4110
0.3354
0.3889
0.3909
0.3187
0.3158
0.3684
0.4382
0.4270
0.3947
0.2923
0.2581
0.3551
0.3732
0.4226
0.5385
0.6667
0.5405
0.6818
0.9051
0.5273
0.1733
0.3492
0.4505
0.3025
0.2745
0.3387
0.3069
0.4068
0.3385
0.4242
0.4320
0.3030
0.3422
0.4039
0.4466
0.1935
0.1892
0.4795
0.3333
0.3061
0.4029
0.3193
0.3474
0.4852
0.4667
0.6421
0.5350
0.2754
0.5200
0.0400
0.2473
0.4000
0.4146
0.2222
0.2727
0.3236
0.2453
0.4423
0.3929
0.3474
0.3109
0.4286
0.2000
0.2000
0.6098
0.4651
0.4752
0.5687
0.5042
0.2500
0.3805
0.5101
0.2784
0.3934
0.4639
0.4237
0.3934
0.2078
0.2929
0.4026
0.3663
0.4639
0.2443
0.2885
0.4667
0.3774
0.3411
0.7479
0.4380
0.4762
0.3441
0.2056
0.7007
0.2837
0.3732
0.4961
0.2991
0.5447
0.5043
0.3259
0.4615
0.5520
0.0000
0.4052
0.4416
0.2000
0.4954
0.0930
0.3448
0.3774
0.6942
0.7848
0.4371
0.1099
0.3469
0.3740
0.2832
0.3719
0.1636
0.3383
0.4809
0.0612
0.1613
0.4390
0.4698
0.3689
0.2857
0.4387
0.4458
0.3448
0.4571
0.1489
0.1802
0.3304
0.6444
0.2759
0.4717
0.3179
0.4727
0.2339
0.1818
0.3368
0.3669
0.6265
0.2613
0.6232
0.1830
0.5069
0.3071
0.4016
0.3443
0.1163
0.3066
0.2716
0.2676
0.2745
0.2069
0.5109
0.2769
0.4326
0.4492
0.5533
0.3383
0.4408
0.5231
0.2865
0.4162
0.4524
0.4037
0.4682
0.3727
0.3172
0.4650
0.5538
0.3366
0.3673
0.2990
0.3986
0.3333
0.4227
0.5130
0.4272
0.4065
0.6000
0.3516
0.2892
0.6200
0.3676
0.3093
0.7805
0.5048
0.3131
0.4407
0.5620
0.4703
0.4937
0.1059
0.4621
0.3962
0.2605
1.0000
0.2353
0.4615
0.4952
0.2667
0.4133
0.4314
0.5116
0.3457
0.4118
0.6207
0.2667
0.5000
0.3830
0.3140
0.3494
0.1163
0.4694
0.4787
0.4983
0.4952
0.3706
0.5135
0.4142
0.4637
0.3590
0.4000
0.4000
0.3093
0.2162
0.4275
0.5084
0.3030
0.4450
0.5773
0.3388
0.5918
0.3752
0.4358
0.6897
0.3077
0.5404
0.3659
0.5440
0.3391
0.5581
0.4592
0.4694
0.3030
0.4505
0.7849
0.1707
0.2903
0.4706
0.4526
0.3243
0.4004
0.3653
0.7107
0.5325
0.5149
0.4521
0.3882
0.3967
0.4950
0.5378
0.3458
0.6753
0.4775
0.3962
0.3448
0.3232
0.4096
0.5743
0.2683
0.2542
0.5254
0.3653
0.3860
0.3580
0.3241
0.2830
0.7925
0.4409
0.6190
0.3940
0.4638
0.4052
0.4645
0.4599
0.5379
0.6089
0.5346
0.6133
0.5841
0.1724
0.3514
0.3714
0.0968
0.3043
0.7742
0.3529
0.3733
0.3492
0.3898
0.5785
0.3511
0.5310
0.4800
0.2603
0.4435
0.3968
0.3273
0.8069
0.3791
0.8000
0.4444
0.3600
0.6667
0.4581
0.2500
0.2833
0.7383
0.4467
0.5248
0.2846
0.3488
0.3467
0.5036
0.4809
0.4675
0.5088
0.4037
0.4677
0.4844
0.3963
0.3803
0.3521
0.4365
0.5569
0.4847
0.3568
0.3810
0.3608
0.4000
0.8780
0.3333
0.2527
0.4868
0.7751
0.3256
0.3151
0.2373
0.4607
0.3317
0.3279
0.3913
0.3263
0.4107
0.3952
0.3358
0.4837
0.6250
0.4375
0.4588
0.4257
0.2235
0.5948
0.6602
0.4692
0.3636
0.3333
0.2923
0.2517
0.5333
0.5435
0.6104
0.3884
0.3484
0.5248
0.4353
0.3491
0.2737
0.3440
0.3846
0.3333
0.2756
0.4378
0.5169
0.5197
0.5733
0.3902
0.4080
0.1739
0.4872
0.2453
0.3619
0.5039
0.2989
0.3246
0.4444
0.1538
0.3333
0.3448
0.2908
0.4224
0.2857
0.4356
0.3689
0.3115
0.5882
0.3874
0.3509
0.4382
0.2157
0.3131
0.6599
0.3821
0.2656
0.5929
0.3445
0.4786
0.3953
0.5045
0.5200
0.4229
0.2471
0.3312
0.5072
0.7304
0.4308
0.5172
0.3714
0.3186
0.8421
0.4353
0.4286
0.4507
0.4353
0.4493
0.5000
0.5159
0.2045
0.5817
0.2663
0.3253
0.6222
0.3500
0.4690
0.4831
0.4770
0.4088
0.4545
0.3478
0.4937
0.4321
0.4375
0.5091
0.3704
0.3500
0.5467
0.4719
0.2316
0.2308
0.5059
0.4597
0.5349
0.3111
0.6341
0.4725
0.5224
0.7551
0.7857
0.5470
0.3529
0.4343
0.3889
0.6569
0.3862
0.4691
0.3091
0.3967
0.4528
0.4857
0.5138
0.4375
0.4789
0.5205
0.2632
0.4694
0.7383
0.3494
0.2973
0.6715
0.4194
0.5000
0.4382
0.7660
0.3333
0.2222
0.4783
0.4227
0.3895
0.4480
0.5102
0.2874
0.3248
0.6102
0.4255
0.5000
0.3286
0.5556
0.3835
0.2858
0.4082
0.4576
0.4974
0.3431
0.3636
0.4516
0.3333
0.4371
0.4364
0.4706
0.1235
0.3876
0.3673
0.4466
0.5915
0.1947
0.3774
0.4545
0.6098
0.4532
0.4928
0.2340
0.3626
0.3556
0.2360
0.2889
0.2421
0.6431
0.5070
0.4000
0.3478
1.0000
0.5714
0.4375
0.5118
0.3016
0.4510
0.3986
0.4978
0.4074
0.5644
0.6643
0.4969
0.5817
0.4719
0.5115
0.4904
0.5746
0.2439
0.2887
0.4526
0.3976
0.4909
0.5503
0.4566
0.7647
0.5534
0.5177
0.4474
0.4746
0.5145
0.4086
0.3371
0.2527
0.3642
0.5057
0.4098
0.2182
0.3741
0.3688
0.1282
0.2881
0.3774
0.1429
0.3077
0.2920
0.3404
0.1455
0.4971
0.3605
0.4321
0.5432
0.3307
0.1746
0.4774
0.5037
0.6049
0.3797
0.3945
0.1654
1.0000
0.5556
0.3385
0.4719
0.3881
0.5567
0.3279
0.6667
0.4185
0.4272
0.3448
0.4333
0.4059
0.4132
0.4658
0.4184
0.3737
0.6275
0.4940
0.5072
0.5094
0.4645
0.4808
0.4467
0.5286
0.5179
0.2706
0.3273
0.5562
0.5393
0.4314
0.2740
0.3910
0.6871
0.4298
0.2283
0.3659
0.3846
0.1778
0.6263
0.1169
0.3333
0.1778
0.5426
0.5946
0.5068
0.3871
0.4253
0.4786
0.6957
0.2549
0.3757
0.3675
0.3279
0.3607
0.3187
0.4661
0.3417
0.3045
0.4717
0.8500
0.4211
0.6057
0.3922
0.3469
0.4795
0.2247
0.4228
0.4125
0.6457
0.6107
0.2078
0.5190
0.4023
0.4043
0.2113
0.0968
0.3789
0.2410
0.3486
0.3689
0.4043
0.3793
0.3966
0.4074
0.4862
0.5190
0.2754
0.6710
0.4103
0.3315
0.9048
0.4186
0.1667
0.5238
0.4366
0.5866
0.4082
0.0588
0.5187
0.3544
0.3878
0.4976
0.6108
0.5136
0.4286
0.3030
0.4783
0.4861
0.4960
0.4049
0.5682
0.5504
0.4462
0.3097
0.4773
0.2959
0.4317
0.6032
0.3537
0.3600
0.3167
0.3889
0.4708
0.6772
0.3982
0.0000
0.3400
0.3361
0.7018
0.5152
0.5754
0.4375
0.4755
0.3750
0.4363
0.3602
0.3878
0.3733
0.5904
0.7260
0.3853
0.5846
0.9492
0.3846
0.4717
0.3333
0.3066
0.8182
0.5214
0.4718
0.5447
0.4345
0.4304
0.3697
0.3402
0.4839
0.5641
0.3763
0.2793
0.3333
0.8421
0.3793
0.6098
0.5072
0.3238
0.2056
0.3265
0.5263
0.5484
0.3443
0.2793
0.1633
0.2757
0.3805
0.3306
0.4203
0.4496
0.4810
0.9273
0.7317
0.5455
0.4432
0.2658
0.4966
0.8526
0.5943
0.3418
0.3252
0.6667
0.6617
0.2364
0.3588
0.3544
0.3764
0.5965
0.8496
0.8000
0.3250
0.1489
0.4118
0.5000
0.4421
0.4971
0.4000
0.3200
0.3429
0.5750
0.6349
0.4684
0.5342
0.6325
0.4104
0.5102
0.1368
0.4068
0.4805
0.4683
0.4444
0.3630
0.5610
0.4713
0.2759
0.4516
0.5385
0.3364
0.2075
0.3882
0.4493
0.3908
0.4533
0.3962
0.4104
0.4771
0.5329
0.2286
0.6235
0.5170
0.3226
0.5593
0.4040
0.3765
0.3920
0.4000
0.4810
0.2673
0.2879
0.3878
0.4615
0.5177
0.4113
0.2787
0.3333
0.2993
0.3869
0.2264
0.3913
0.4000
0.5932
0.3907
0.3069
0.5235
0.4007
0.4035
0.4918
0.3907
0.2418
0.3650
0.4166
0.3788
0.5000
0.4551
0.2441
0.3830
0.4400
0.4486
0.5775
0.4151
0.2727
0.5306
0.4884
0.4330
0.2836
0.5393
0.1846
0.5763
0.4368
0.3983
0.2745
0.4783
0.7564
0.4877
0.5333
0.3761
0.5231
0.4472
0.3226
0.3780
0.4096
0.7273
0.3220
0.6308
0.3678
0.4316
0.3578
0.3962
0.5657
0.4305
0.3455
0.3333
0.2982
0.3895
0.1064
0.3511
0.5248
0.4762
0.3386
0.3285
0.5556
0.4414
0.4105
0.4737
0.4264
0.5537
0.3613
0.3860
0.4175
0.3030
0.3774
0.3706
0.4493
0.5176
0.3960
0.1373
0.4586
0.4455
0.5273
0.5085
0.2698
0.2992
0.1143
0.4581
0.3673
0.3973
0.2747
0.5556
0.2407
0.3879
0.4654
0.3243
0.4330
0.2759
0.2800
0.3716
0.3053
0.3386
0.3835
0.3591
0.2078
0.3383
0.4598
0.5112
0.4689
0.4110
0.6747
0.5271
0.5109
0.4171
0.4317
0.3084
0.6774
0.1319
0.3423
0.6479
0.4779
0.1928
0.6423
0.4159
0.3333
0.3404
0.2800
0.2135
0.3973
0.3699
0.5128
0.3333
0.7429
0.2535
0.2623
0.5085
0.5437
0.4235
0.4695
0.5941
0.4824
0.2654
0.1940
0.3043
0.1933
0.4074
0.3922
0.5319
0.3429
0.6230
0.3818
0.3130
0.4393
0.2366
0.5393
0.2051
0.2958
0.5818
0.4476
0.4580
0.3694
0.3258
0.5324
0.3077
0.2718
0.4336
0.5373
0.4118
0.5102
0.2340
0.3365
0.3415
0.1091
0.3864
0.5882
0.5412
0.4222
0.3668
0.3333
0.3333
0.3333
0.5174
0.5066
0.2857
0.3306
0.4468
0.7108
0.4288
0.7073
0.3393
0.1579
0.3554
0.6187
0.4078
0.3125
0.2000
0.6774
0.5068
0.4449
0.4898
0.4307
0.4557
0.3647
0.3750
0.1667
0.3077
0.4902
0.3675
0.3051
0.3394
0.6842
0.5238
0.7163
0.5114
0.5288
0.4348
0.3385
0.3922
0.3051
0.3333
0.3802
0.3617
0.5321
0.4132
0.6047
0.4267
0.4415
0.5897
0.3120
0.2952
0.2963
0.2157
0.3109
0.3171
0.4860
0.4348
0.2041
0.3012
0.5299
0.2577
0.3290
0.4530
0.2079
0.2184
0.4533
0.1299
0.1569
0.3457
0.3860
0.5806
0.2609
0.4636
0.2184
0.3465
0.2360
0.3798
0.2474
0.1556
0.4159
0.5437
0.2973
0.6782
0.2549
0.3665
0.3448
0.4135
0.4776
0.0816
0.2754
0.3234
0.4673
0.3636
0.3333
0.1392
0.3973
0.3068
0.3131
0.4359
0.7241
0.2439
0.4182
0.3048
0.4641
0.4322
0.2697
0.5701
0.2796
0.4035
0.2941
0.4567
0.5207
0.3252
0.5843
0.2264
0.3448
0.2644
0.4091
0.4923
0.0816
0.3333
0.3533
0.4054
0.5745
0.3544
0.2364
0.3059
0.4776
0.2787
0.5776
0.3053
0.3266
0.2185
0.5187
0.2614
0.6072
0.6095
0.3333
0.3548
0.2817
0.7176
0.2523
0.4290
0.1339
0.5405
0.4622
0.3846
0.4392
0.4976
0.3552
0.3918
0.2473
0.3617
0.1463
0.4902
0.0732
0.4046
0.1648
0.2745
0.3939
0.2712
0.2308
0.3134
0.6271
0.3922
0.3659
0.3763
0.5652
0.2687
0.4709
0.3577
0.4366
0.2621
0.4810
0.4211
0.3782
0.4184
0.3061
0.4713
0.4094
0.5854
0.3366
0.5133
0.4424
0.0800
0.5063
0.3191
0.7407
0.3678
0.3729
0.3678
0.5833
0.5714
0.5165
0.5385
0.4696
0.5766
0.6849
0.3143
0.4198
0.6393
0.4000
0.7174
0.5417
0.4048
0.4631
0.5167
0.4098
0.4247
0.2898
0.4475
0.1724
0.3038
0.6000
0.4132
0.3972
0.7087
0.4160
0.1707
0.5969
0.4390
0.4495
0.2513
0.6757
0.7143
0.6548
0.2810
0.5220
0.5111
0.5000
0.3451
0.2698
0.6022
0.4242
0.3981
0.4228
0.3714
0.5161
0.4868
0.3894
0.6667
0.3196
0.3741
0.3041
0.2532
0.3861
0.3647
0.3591
0.1429
0.3906
0.2577
0.6000
1.0000
0.4497
0.0571
0.3423
0.5789
0.4697
0.5254
0.6364
0.4000
0.1887
0.1800
0.3846
0.4425
0.4217
0.6000
0.1961
0.4416
0.3492
0.4348
0.1910
0.2522
0.2840
0.3708
0.4536
0.3165
0.1810
0.3830
0.2993
0.3678
0.4074
0.2796
0.3158
0.6583
0.5522
0.2880
0.5185
0.4941
0.4964
0.5422
0.7574
0.4028
0.2381
0.3571
0.4715
0.3619
0.3465
0.4404
0.3248
0.4308
0.4237
0.3721
0.5342
0.4673
0.4681
0.3521
0.3475
0.2903
0.5029
0.3510
0.3846
0.4857
0.4098
0.5586
0.3030
0.4137
0.1280
0.5531
0.2819
0.3902
0.5172
0.7670
0.4237
0.3731
0.7523
0.2000
0.3607
0.2093
0.2453
0.3333
0.7419
0.3333
0.8571
0.2688
0.5327
0.2118
0.2456
0.4252
0.4091
0.2571
0.1077
0.2828
0.4233
0.8660
0.1782
0.6667
0.2295
0.3556
0.4359
0.5517
0.3137
0.5222
0.2288
0.6667
0.7143
0.2632
0.3538
0.5676
0.9623
0.4242
0.3893
0.3333
0.4490
0.3898
0.1702
0.4701
0.4430
0.5463
0.4488
0.2857
0.4023
0.1724
0.3200
0.7273
0.5152
0.4130
0.4557
0.4419
0.4969
0.4351
0.6111
0.7045
0.4146
0.5356
0.3514
0.2649
0.8743
0.7045
0.8571
0.3097
0.4571
0.3448
0.3944
0.3036
0.4035
0.2388
0.2000
0.4316
0.3448
0.3478
0.3497
0.4359
0.3768
0.3985
0.3111
0.5294
0.3429
0.3615
0.5000
0.4685
0.4630
0.3957
0.3438
0.1803
0.2923
0.2472
0.2653
0.5140
0.2581
0.4444
0.2727
0.2754
0.5200
0.5773
0.3566
0.5062
0.4312
0.3162
0.5385
0.3727
0.3846
0.3984
0.5325
0.3892
0.3168
0.4203
0.4023
0.3548
0.3247
0.3451
0.3579
0.4101
0.2785
0.4051
0.3784
0.4433
0.4676
0.3427
0.4698
0.3307
0.5094
0.4556
0.3797
0.5854
0.4113
0.2932
0.3229
0.4553
0.2360
0.2185
0.4532
0.5079
0.2000
0.3562
0.4831
0.3738
0.3874
0.2294
0.4061
0.2198
0.7407
0.2667
0.3474
0.3867
0.5467
0.4627
0.4870
0.3425
0.5349
0.2933
0.3529
0.3636
0.5470
0.1882
0.3204
0.5106
0.5689
0.1408
0.4161
0.4444
0.3431
0.5663
0.6475
0.6857
0.5086
0.2774
0.6235
0.4030
0.2488
0.2000
0.3609
0.3465
0.4615
0.4078
0.1507
0.3004
0.4773
0.6606
0.3634
0.4752
0.5203
0.5890
0.4175
0.4825
0.4212
0.4690
0.3314
0.2727
0.5128
0.4000
0.4068
0.5714
0.3194
0.4962
0.4309
0.3176
0.4602
0.3979
0.3459
0.4000
0.2785
0.4956
0.3307
0.1519
0.4275
0.5238
0.2692
0.3750
0.4521
0.4513
0.4106
0.3798
0.3818
0.5714
0.3117
0.4810
0.5629
0.3082
0.3521
0.4154
0.4211
0.4819
0.3265
0.2545
0.3852
0.4967
0.4129
0.4800
0.6216
0.2605
0.5197
0.5309
0.4234
0.6897
0.4231
0.5163
0.5000
0.8235
0.3012
0.4653
0.4424
0.2973
0.4590
0.4000
0.5158
0.5012
0.2761
0.4843
0.3299
0.1818
0.2718
0.6306
0.5591
0.4261
0.2824
0.3737
0.4504
0.3514
0.5376
0.4851
0.5679
0.5195
0.4609
0.4599
0.3239
0.5291
0.3081
0.5742
0.4641
0.3820
0.3077
0.3846
0.4656
0.3613
0.2527
0.1972
0.4699
0.4294
0.1270
0.4182
0.4082
0.4198
0.5224
0.5280
0.4786
0.4299
0.3195
0.3871
0.7467
0.6562
0.4074
0.4024
0.4249
0.4800
0.5429
0.4526
0.4324
0.4375
0.5349
0.3803
0.5217
0.3115
0.2927
0.4377
0.1594
0.4362
0.2903
0.5455
0.7556
0.5904
0.3830
0.5514
0.2871
0.4345
0.2785
0.5714
0.4112
0.3017
0.1695
0.1647
0.3893
0.2945
0.5238
0.2951
0.4351
0.4462
0.2857
0.5421
0.7544
0.3939
0.5904
0.4343
0.3091
0.5039
0.4819
0.3174
0.5102
0.4959
0.4864
0.2168
0.2154
0.4074
0.4366
0.3976
0.3241
0.5361
0.4899
0.5535
0.1622
0.4436
0.3435
0.4416
0.2432
0.4190
0.5780
0.7742
0.3636
0.2203
0.3762
0.3814
0.6078
0.4444
0.2857
0.3884
0.6279
0.4071
0.3636
1.0000
0.5020
0.2844
0.4507
0.1698
0.6182
0.2202
0.4646
0.3390
0.3669
0.2330
0.3284
0.2192
0.6479
0.4409
0.6000
0.4132
0.0938
0.3109
0.4737
0.4034
0.4538
0.2222
0.5714
0.3086
0.5455
0.4497
0.4802
0.5457
0.4677
0.3643
0.4650
0.4911
0.3642
0.4313
0.4426
0.3410
0.3677
0.7273
0.4058
0.7980
0.3393
0.5000
0.4218
0.4892
0.3972
0.4103
0.6296
0.3022
0.5237
0.4911
0.3453
0.4490
0.3139
0.3764
0.3818
1.0000
0.2963
0.3861
0.1481
1.0000
0.7239
0.3609
0.0465
0.7671
0.5870
0.5098
0.5206
0.3653
0.5125
0.4709
0.5161
0.3634
0.3450
0.4286
0.4663
0.4653
0.6444
0.5307
0.3061
0.4203
0.6667
0.4000
0.2258
0.3131
0.4513
0.4064
0.4000
0.3556
0.3729
0.3188
0.5038
0.5000
0.4444
0.8696
0.4359
0.3600
0.3288
0.3729
0.4925
0.2593
0.3596
0.3361
0.2439
0.4486
0.2857
0.2951
0.3780
0.4741
0.5172
0.3684
0.5634
0.4255
0.7867
0.2740
0.4186
0.2958
0.5024
0.5714
0.2459
0.4264
0.3737
0.2748
0.2712
0.5854
0.2824
0.4767
0.5094
0.3517
0.5294
0.3200
0.4771
0.3429
0.4507
0.5024
0.4359
0.2472
0.3677
0.5090
0.4874
0.2740
0.3263
0.4085
0.3733
0.5080
0.2523
0.3048
0.1194
0.3012
0.3819
0.3238
0.2772
0.4426
0.3407
0.3506
0.4553
0.6055
0.3187
0.4444
0.4052
0.5212
0.2184
0.4462
0.3165
0.4720
0.3516
0.4774
0.5098
0.5098
0.4463
0.2289
0.4889
0.2985
0.3165
0.7097
0.3488
0.2308
0.5060
0.3247
0.2793
0.2735
0.2621
0.4058
0.2975
0.3556
0.3778
0.2364
0.2683
0.2632
0.4468
0.3577
0.3548
0.4788
0.4567
0.3257
0.4312
0.7386
0.3577
0.2889
0.2078
0.5455
0.8224
0.3419
0.5409
0.3580
0.2787
0.4343
0.4522
0.3797
0.4628
0.3978
0.2824
0.6047
0.1961
0.4105
0.2720
0.3373
0.1930
0.2391
0.3659
0.4356
0.5046
0.4179
0.4667
0.3556
0.3505
0.3768
0.2299
0.3071
0.4719
0.1899
0.3263
0.4421
0.2857
0.4762
0.4211
0.2454
0.3319
0.5161
0.2414
0.1892
0.4486
0.4747
0.3333
0.3740
0.5128
0.1667
0.6423
0.5294
0.7455
0.3573
0.3474
0.4615
0.3824
0.4115
0.4223
0.7073
0.6452
0.0000
0.3276
0.4505
0.5282
0.3425
0.4286
1.0000
0.6687
0.5921
0.4375
0.2727
0.4482
0.7043
0.2576
0.3212
0.3333
0.4395
0.4160
0.4865
0.4648
0.4908
0.4427
0.5045
0.4186
0.2759
0.4267
0.4414
0.3605
0.2099
0.3579
0.4444
0.2903
0.6434
0.4513
0.2679
0.7321
0.3983
0.3802
0.4149
0.4040
0.4902
0.4595
0.3226
0.3908
0.2970
0.4737
0.3443
0.2766
0.2460
0.1538
1.0000
0.1684
0.3670
0.3540
0.3072
0.1429
0.1463
0.4327
0.4775
0.2316
0.5091
0.6154
0.5647
0.5882
0.4353
0.4521
0.3137
0.5496
0.3699
0.5117
0.4286
0.3220
0.2549
0.4615
0.3881
0.5906
0.5438
0.4396
0.5200
0.5556
0.4940
0.5244
0.4724
0.6033
0.4286
0.3579
0.1639
0.4211
0.3881
0.3624
0.4467
0.4063
0.3133
0.2806
0.4175
0.4615
0.5106
0.4045
0.6843
0.5000
0.4154
0.4348
0.4362
0.3009
0.2000
0.5570
0.4196
0.4922
0.1707
0.4719
0.7669
0.6129
0.4124
0.3429
0.4579
0.4000
0.4343
0.6301
0.7273
0.4340
0.4568
0.4632
0.3014
0.3187
0.3303
0.2278
0.3419
0.4148
0.3651
0.6454
0.3820
0.5385
0.2927
0.4596
0.4358
0.5941
0.4932
0.5895
0.4238
0.7027
0.7179
0.3514
0.4783
0.3921
0.3568
0.5051
0.2796
0.1026
0.5072
0.6796
0.3458
0.4150
0.2941
0.5676
0.4133
0.3953
0.3905
0.4431
0.3380
0.3107
0.2464
0.5359
0.4526
0.4579
0.3662
0.4507
0.5263
0.3377
0.2747
0.3931
0.4177
0.1429
0.3137
0.4979
0.2963
0.7129
0.3926
0.6627
0.5063
0.4685
0.3846
0.3918
0.5062
0.3504
0.5193
0.2353
0.3238
0.3200
0.2766
0.3289
0.5098
0.2895
0.4068
0.2778
0.1263
0.2673
1.0000
0.3699
0.3291
0.4146
0.1839
0.3333
0.3231
0.1910
0.4201
0.0968
0.3607
0.6061
0.3647
0.4211
0.1515
0.2090
0.4058
0.1720
0.4000
0.2340
0.3893
0.4536
0.2989
0.4172
0.3973
0.1831
0.8168
0.4255
0.4000
0.2909
0.4188
0.3478
0.4397
0.4762
0.5739
0.4473
0.5118
0.4224
0.3288
0.5146
0.3826
0.4066
0.4632
0.3770
0.4371
0.2842
0.8354
0.5520
0.3385
0.5849
0.3925
0.3735
0.5926
0.3514
0.2982
0.3391
0.5670
0.2326
0.2000
0.2973
0.3411
0.4839
0.3030
0.1402
0.4118
0.4516
0.2921
0.6279
0.4789
0.2821
0.1560
0.3981
0.5253
0.3597
0.1918
0.6732
0.4741
0.4213
0.5340
0.2535
0.4188
0.7229
0.5088
0.5897
0.3564
0.4299
0.3613
0.5068
0.2817
0.3680
0.6432
0.4462
0.4878
0.4497
0.3111
0.4567
0.2766
0.3724
0.4078
0.3279
0.4563
0.3432
0.2841
0.4861
0.4243
0.3396
0.3333
0.5632
0.3846
0.6509
0.3636
0.4667
0.2991
1.0000
0.6968
0.5676
0.7282
0.1159
0.4851
0.4553
0.4206
0.4110
0.5299
0.3763
0.1408
0.4690
0.2748
0.5028
0.7241
0.5946
0.8966
0.4396
0.3111
0.1918
0.3736
0.5928
0.3333
0.3553
0.3000
0.4142
0.3650
0.3191
0.3414
0.4679
0.2189
0.5118
0.4186
0.4011
0.4545
0.8534
0.4238
0.3596
0.3600
0.6301
0.6495
0.3137
0.3930
0.5896
0.4161
0.5485
0.3582
0.7823
0.4504
0.4173
0.5432
0.7586
0.4320
0.3960
0.4480
0.1268
0.5138
0.7033
0.3641
0.3739
0.2254
0.3838
0.4151
0.3358
0.4331
0.2640
0.4375
0.2778
0.4492
0.4074
0.4198
0.6462
0.5750
0.4222
0.4848
0.6111
0.4615
0.5210
0.4681
0.2474
0.4634
0.3534
0.5833
0.7363
0.4082
0.5316
0.4156
0.1404
0.7611
0.5034
0.3380
0.5000
0.3364
0.2353
0.3058
0.5213
0.5315
0.4561
0.4286
0.4344
0.4421
0.5097
0.5767
0.5161
0.6190
0.3846
0.4574
0.2532
0.4068
0.1228
0.3939
0.4065
0.4274
0.5246
0.3077
0.4203
0.4865
0.4684
0.4400
0.2877
0.3866
0.4154
0.5027
0.4557
0.5349
0.3592
0.3918
0.3972
0.3561
0.3516
0.4019
0.3820
0.2371
0.4593
0.3673
0.3173
0.3957
0.2069
0.6744
0.6667
0.3188
0.3093
0.3535
0.3924
0.4752
0.2958
0.3933
0.3636
0.4426
0.4620
0.5091
0.3929
0.4307
0.2394
0.5484
0.4000
0.3884
0.3855
0.3728
0.2971
0.5404
0.4528
0.4315
0.3846
0.3673
0.6977
0.5036
0.4842
0.4109
0.4561
0.4651
0.2158
0.3899
0.3478
0.4904
0.4379
0.3885
0.3433
0.0820
0.4029
0.5775
0.3200
0.3684
0.3684
0.2562
0.3019
0.2836
0.3216
0.3120
0.3174
0.5414
0.2667
0.5328
0.6818
0.6028
0.3852
0.3994
0.4087
0.4743
0.4395
0.2400
0.2727
0.2370
0.1759
0.5098
0.2222
0.2203
0.3671
0.2079
0.0635
0.4774
0.4362
0.2239
0.2893
0.2446
0.3636
0.3099
0.4321
0.6719
0.4231
0.3814
0.4317
0.3555
0.2947
0.3077
0.4162
0.3366
0.2032
0.3759
0.2676
0.5194
0.6996
0.3188
0.4048
0.3791
0.4192
0.3016
0.7895
0.2910
0.3662
0.3333
0.4031
0.4255
0.5220
0.3861
0.2821
0.5039
0.4341
0.2609
0.2000
0.3636
0.3987
0.3453
0.2836
0.2270
0.2000
0.3951
0.2472
0.9464
0.3421
0.4701
0.3287
0.4407
0.2811
0.3690
0.3019
0.3878
0.4211
0.5714
0.2650
0.3412
0.2703
0.3772
0.3600
0.3121
0.2350
0.3514
0.4615
0.2667
0.2222
0.4048
0.3721
0.4268
0.6552
0.5176
0.4635
0.3636
0.2222
0.4878
0.6842
0.4746
0.4086
0.3855
0.3945
0.5440
0.5434
0.4737
0.5364
0.5745
0.3861
0.6106
0.4248
0.4603
0.5309
0.3061
0.4040
0.4765
0.2963
0.1984
0.5133
0.4789
0.3842
0.4951
0.2935
0.2661
0.3626
0.4381
0.4414
0.6748
0.4504
0.3051
0.8095
0.4912
0.2239
0.3784
0.4533
0.2982
0.5393
0.5538
0.4424
0.3271
0.4113
0.4488
0.3566
0.2424
0.4789
0.3671
0.3263
0.4393
0.3043
0.4304
0.4941
0.4083
0.5049
0.5253
0.3933
0.5849
0.5072
0.0935
0.3297
0.4545
0.2963
0.5143
0.3774
0.2973
0.6598
0.4629
0.3396
0.4000
0.4359
0.3441
0.3238
0.3231
0.3091
0.6970
0.5702
0.4109
0.2316
0.3500
0.6619
0.4021
0.5309
0.3642
0.3458
0.4646
0.6404
0.4029
0.5490
0.5176
0.2635
0.2951
0.4667
0.2323
0.2667
0.3647
0.3793
0.6098
0.4000
0.2696
0.3333
0.4264
0.3671
0.5517
0.2532
0.3739
0.3559
0.4272
0.2439
0.3628
0.4118
0.4426
0.4082
0.2453
0.4327
0.4768
0.5529
0.3369
0.2911
0.3294
0.2706
0.4538
0.4537
0.2476
0.7931
0.4685
0.3448
0.3913
0.6308
0.2785
0.2653
0.4588
0.4490
0.5340
0.4160
0.2388
0.0816
0.7561
0.3854
0.4673
0.3448
0.3091
0.6706
0.2857
0.5981
0.1702
0.4109
0.2970
0.2222
0.3204
0.4468
0.5505
0.4906
0.4173
0.3851
0.3684
0.0800
0.6099
0.3099
0.1111
0.3740
0.7784
0.6015
0.4000
0.5161
0.3308
0.3364
0.3143
0.2951
0.3336
0.4943
0.5573
0.3023
0.4416
0.3505
0.3933
0.3019
0.4842
0.6364
0.4304
0.7193
0.5217
0.2769
0.3459
0.4762
0.4909
0.3226
0.4094
0.3303
0.6860
0.5534
0.3419
0.5269
0.4752
0.7848
0.4444
0.3509
0.2560
0.5310
0.4943
0.4646
0.2462
0.3137
0.5205
0.3495
0.4360
0.2729
0.4444
0.4397
0.4395
0.3662
0.4560
0.9091
0.3786
0.4348
0.3836
0.3793
0.3373
0.3196
0.3913
0.3396
0.3896
0.5389
0.3429
0.2951
0.4957
0.5149
0.3647
0.4381
0.3846
0.2278
0.5105
0.5128
0.4894
0.3043
0.1143
0.4919
0.4828
0.3631
0.3333
0.0986
0.4000
0.3204
0.4000
0.6354
0.5465
0.5868
0.3146
0.5278
0.0667
0.0952
0.2449
0.1644
0.1765
0.5588
0.4444
0.7368
0.3333
0.4423
0.5850
0.6364
0.3659
0.3148
0.4286
0.6444
0.4848
0.5227
0.2857
0.3425
0.2793
0.4000
0.4000
0.4833
0.4082
0.4615
0.5248
0.4898
0.3288
0.4205
0.3099
0.5152
0.1356
0.5472
0.4590
0.4340
1.0000
0.4426
0.4953
0.6222
0.4762
0.4444
0.4717
0.5417
0.6512
0.4058
0.3421
0.3204
0.3333
0.4839
0.3222
0.5333
0.7159
0.3800
0.6333
0.4800
0.4118
0.5758
0.5385
0.5703
0.5100
0.6279
0.2364
0.2449
0.1781
0.4478
0.3944
0.4507
0.3704
0.2794
0.5185
0.4609
0.3699
0.4118
0.4737
0.4500
0.4000
0.5758
0.3000
0.4803
0.5435
0.5161
0.2923
0.4138
0.4872
0.4898
0.3803
0.4545
0.8600
0.2055
0.3714
0.3889
0.2222
0.4370
0.6105
0.5814
0.4078
0.3492
0.5266
0.3681
0.3895
0.4416
0.4777
0.4769
0.3789
0.4773
0.2549
0.4925
0.3628
0.6612
0.4575
0.3385
0.2929
0.5349
0.3603
0.6618
0.5409
0.5789
0.2857
0.3175
0.2602
0.6940
0.4225
0.5135
0.2836
0.4043
0.5285
1.0000
0.8578
0.4561
0.4267
0.3608
0.4694
0.6610
0.3544
0.3333
0.4935
0.7516
0.5413
0.5752
0.3415
0.2857
0.3532
0.4671
0.2521
0.4548
0.3429
0.1935
0.1892
0.4769
0.5714
0.4328
0.5340
0.2653
0.2000
0.1753
0.4857
0.3509
0.2832
0.6000
0.5079
0.3889
0.2034
0.4158
0.7003
0.2632
0.4044
0.1846
0.2934
0.4211
0.4310
0.4225
1.0000
0.1980
0.3226
0.1370
0.4925
0.3810
0.6643
0.5315
0.5248
0.4169
0.0755
0.4940
0.6154
0.3656
0.3396
0.4667
0.4359
0.4857
0.3443
0.5079
0.3623
0.1714
0.2062
0.5280
0.2769
0.4361
0.4419
0.3010
0.2683
0.3402
0.3266
0.3721
0.4840
0.2480
0.3871
0.2791
0.3598
0.2353
0.4815
0.4798
0.4000
0.4651
0.4151
0.4800
0.2462
0.1594
0.5347
0.4194
0.4591
0.3882
0.4299
0.3434
0.4118
0.5193
0.7284
0.3524
0.4860
0.2766
0.4734
0.3478
0.4404
0.6213
0.8228
0.4182
0.4795
0.6322
0.5965
0.4608
0.4438
0.5745
0.3247
0.4051
0.4426
0.4563
0.4717
0.5178
0.4660
0.4127
0.4400
0.5053
0.3659
0.2549
0.3818
0.2840
0.5078
0.3441
0.5897
0.5510
0.5231
0.3818
0.5263
0.4715
0.6774
0.5000
0.2973
0.6000
0.3158
0.5726
0.1954
0.4364
0.6916
0.4359
0.3019
0.4030
0.4390
0.2286
0.5600
0.5281
0.8182
0.1881
0.4390
0.2899
0.4151
0.4103
0.3973
0.6422
0.3396
1.0000
0.3377
0.4035
0.3818
0.7702
0.3652
0.3655
0.4069
0.2837
0.6706
0.3946
0.7011
0.4812
0.4167
0.8229
0.3261
0.5315
0.4383
0.4427
0.3429
0.5154
0.4353
0.5403
0.1647
0.4160
0.4382
0.3869
0.4360
0.4941
0.3567
0.3995
0.4706
0.4262
0.3333
0.5185
0.3614
0.5045
0.5283
0.7843
0.3370
0.4944
0.5200
0.7447
0.4725
0.4587
0.2698
0.5452
0.4437
0.4249
0.4894
0.4477
0.4370
0.4233
0.2906
0.4856
0.4632
0.3973
0.4253
0.4606
0.1852
0.3600
0.4557
0.5120
0.2331
0.5841
0.3860
0.5315
0.4054
0.3023
0.4494
0.2994
0.5111
0.5421
0.4793
0.4184
0.3398
0.3949
0.2026
0.2769
0.6774
0.4607
0.2558
0.3143
0.5031
0.4658
0.5229
0.4516
0.3836
0.4684
0.3976
0.2871
0.4788
0.6087
0.4179
0.4557
0.5879
0.5630
0.4878
0.4545
0.4750
0.4130
0.4071
0.5439
0.4316
0.5391
0.4909
0.4681
0.5591
0.3810
0.5155
0.3112
0.3933
0.5409
0.3468
0.4717
0.3117
0.3279
1.0000
0.3113
0.4528
0.4146
0.1864
0.1915
0.2676
0.2222
0.8913
0.3667
0.6667
0.2174
0.5108
0.5326
0.3800
0.6667
0.6279
0.4605
0.4400
0.3571
0.3247
0.3398
0.3143
0.6216
0.3361
0.4848
0.4898
0.5051
0.8108
0.3836
0.3836
0.2687
0.5789
0.5479
0.4262
0.3333
0.2464
0.3636
0.2466
0.3273
0.3800
0.4783
0.4864
0.5077
0.3818
0.2887
0.4493
0.4354
0.6182
0.3663
0.4444
0.5758
0.4812
0.4926
0.3620
0.3906
0.2982
0.4366
0.4323
0.3043
0.3521
0.3373
0.4296
0.7664
0.4133
0.3908
0.5316
0.4787
0.4454
0.3371
0.4634
0.4112
0.4286
0.4816
0.4541
0.5169
0.5217
0.5469
0.6000
0.4585
0.3364
0.5897
0.4966
0.4395
0.5818
0.2990
0.3846
0.6068
0.4754
0.5232
0.4433
0.3962
0.4783
0.3243
0.3284
0.4667
0.5385
0.3721
0.5988
0.3989
0.2759
0.4627
0.4384
0.6061
0.3028
0.4691
0.3243
0.2537
0.3419
0.5151
0.4286
0.5823
0.4855
0.3286
0.3200
0.3524
0.3673
0.8986
0.3577
0.3990
0.4227
0.5208
0.4098
0.3913
0.5266
0.4512
0.2075
0.5254
0.4516
0.3204
0.5373
0.2609
0.7361
0.4591
0.4172
0.5366
0.2875
0.6000
0.4394
0.4265
0.3473
0.4017
0.5315
0.5546
0.5440
0.3933
0.4314
0.5152
0.4201
0.4516
0.5340
0.4310
0.3468
0.5371
0.5586
0.2769
0.4314
0.5329
0.5500
0.4878
0.4235
0.2923
0.5728
0.6106
0.5149
0.3259
0.4348
0.5468
0.5243
0.3333
0.5294
0.3699
0.3471
0.2951
0.3830
0.3784
0.4545
0.2308
0.3984
0.7455
0.3590
0.2286
0.4247
0.3968
0.5158
0.4286
0.2203
0.3053
0.5111
0.4103
0.5023
0.3540
0.3600
0.3227
0.2623
0.5246
0.6222
0.6748
0.1644
0.2703
0.3333
0.3443
0.6821
0.2254
0.5672
0.4368
0.4113
0.2230
0.2564
0.4568
0.6933
0.5733
0.6026
0.1356
0.2584
0.3840
0.4154
0.3099
0.3252
0.2148
0.2697
0.1739
0.3368
0.4105
0.5236
0.4969
0.2353
0.2411
0.3133
0.2782
0.4615
0.4400
1.0000
0.2991
0.2088
0.4396
0.2598
0.6962
0.5686
0.4909
0.3731
0.4479
0.4118
0.6933
0.4805
0.7407
0.1852
0.4516
0.5971
0.4318
0.4696
0.2483
0.8356
0.2897
0.4842
0.4519
0.4908
0.7476
0.3269
0.5495
0.4263
0.4503
0.3111
0.3901
1.0000
0.4800
0.3576
0.7407
0.2911
0.3682
0.4217
0.2728
1.0000
0.4141
0.4255
0.4475
0.4436
0.3786
0.5159
0.3878
0.2549
0.4922
0.4031
0.4217
0.5176
0.4237
0.5481
0.3333
0.4191
0.3846
0.4000
0.5254
0.4258
0.3699
0.5139
0.4060
0.2222
0.3333
0.4091
0.4800
0.3388
0.3765
0.4095
0.4636
0.5086
0.2787
0.5723
0.3830
0.4534
0.5376
0.3333
0.5255
0.6098
0.5217
0.4030
0.3023
0.5304
0.4146
0.2892
0.4000
0.2162
0.3061
0.4150
0.1688
0.5570
0.4581
0.4497
0.3623
0.3505
0.4889
0.6383
0.3016
0.4419
0.4345
0.2899
0.3488
0.3893
0.8732
0.4444
0.4026
0.3333
0.8000
0.4737
0.1010
0.2698
0.1429
0.4957
0.3243
0.3622
0.3960
0.4675
0.3529
0.4000
0.4400
0.4384
0.2000
0.3188
0.3882
0.3521
0.3826
0.4071
0.2882
0.4499
0.4564
0.4473
0.5265
0.1920
0.4959
0.3731
0.3774
0.4673
0.4762
0.2787
0.3383
0.5758
0.3373
0.9281
0.2676
0.6559
0.4590
0.3091
0.2881
0.3836
0.6301
0.4308
0.5714
0.3626
0.4866
0.5116
0.2876
0.4959
0.3398
0.3177
0.2466
0.3333
0.2535
0.3301
0.1972
0.3333
0.1714
0.1449
0.3385
0.2062
0.3976
0.3878
0.3191
0.4351
0.4256
0.3832
0.2194
0.5652
0.5310
0.4304
0.4752
0.4369
0.4330
0.3356
0.2129
0.6216
0.4853
0.1515
0.3196
0.5949
0.1414
0.2752
0.3768
0.4731
0.3048
0.5334
0.4690
0.4444
0.4526
0.4748
0.3086
0.2759
0.2783
0.4631
0.3853
0.4646
0.4639
0.4444
0.6074
0.5556
0.2017
0.2451
0.2927
0.3514
0.2821
0.3402
0.3333
0.3232
0.4962
0.4113
0.3885
0.3786
0.3253
0.3861
0.3416
0.3613
0.4052
0.4522
0.4492
0.4545
0.4500
0.5000
0.4444
0.5000
0.4643
0.5076
0.1948
0.1948
0.4308
0.3140
0.4435
0.3120
0.4525
0.4131
0.5386
0.3193
0.3600
0.3097
0.5567
0.3619
0.5048
0.4167
0.3810
0.5000
0.4340
0.4444
0.4074
0.2837
0.4696
0.4311
0.4306
0.4711
0.8442
0.5000
0.6000
0.4722
0.7500
0.4412
0.5294
0.4181
0.3743
0.4352
0.3043
0.2991
0.4593
0.4146
0.4205
0.5042
0.4035
0.5649
0.2222
0.4990
0.5392
0.4096
0.2903
0.3218
0.6579
0.5904
0.5043
0.4396
0.4267
0.8645
0.8000
0.4000
0.3579
0.5252
0.4298
0.4872
0.4694
0.4314
0.4880
0.4658
1.0000
0.3684
0.2439
0.2803
0.4118
0.3933
0.6884
0.3467
0.7554
0.4706
0.3191
0.3577
0.4045
0.2222
0.4329
0.3137
0.2609
0.2747
0.3679
0.4366
0.3143
0.3951
0.4507
0.3677
0.4923
0.4078
0.4650
0.5459
0.5941
0.4336
0.3286
0.3103
0.4364
0.6094
0.5000
0.5401
0.3652
0.2623
0.3731
0.5104
0.3538
0.4503
0.6061
0.4516
0.4364
0.4478
0.4624
0.4522
0.5094
0.4969
0.5778
0.4595
0.4605
0.4127
0.2581
0.5951
0.1928
0.2759
0.1228
0.5738
0.1495
0.3497
0.0588
0.4106
0.3728
0.2338
0.3238
0.2990
0.3763
0.5102
0.2771
0.6650
0.3423
0.5300
0.3427
0.2667
0.3852
0.4471
0.5173
0.1887
0.4810
0.4248
0.2720
0.4870
0.2566
0.5785
0.4951
0.4395
0.5790
0.5425
0.2896
0.6931
0.2576
0.4966
0.3540
0.6634
0.5067
0.2741
0.5263
0.3188
0.3933
0.6139
0.1600
0.3939
0.2254
0.2526
0.0702
0.4000
0.8806
0.2336
0.6030
0.2735
1.0000
0.4366
0.4146
0.3396
0.3333
0.4095
0.5294
0.4636
0.9294
0.2773
0.4286
0.4932
0.4729
0.2688
0.2526
0.4682
0.5467
0.2644
0.4348
0.2941
0.5366
0.4923
0.4146
0.3178
0.4580
0.6122
0.2874
0.3803
0.6050
0.4736
0.3206
0.3077
0.5022
0.3655
0.4419
0.3759
0.6228
0.7487
0.4660
0.5088
0.3800
0.2958
0.3902
0.3210
0.1392
0.5496
0.3158
0.1579
0.1340
0.7838
0.4409
0.5455
0.6393
0.4400
0.5507
0.2809
0.2800
0.3265
0.3390
0.5479
0.1566
0.3233
0.5437
0.5751
0.4051
0.3077
0.6400
0.4190
0.5290
0.4966
0.2105
0.3887
0.6269
0.4098
0.7165
0.4671
0.3592
0.2857
0.4222
0.5075
0.4690
0.4623
0.2727
0.5522
0.3385
0.5207
0.4872
0.1954
0.5556
0.3243
0.4000
0.1695
0.4194
0.3023
0.3950
0.3514
0.5957
0.3521
0.2439
0.3925
0.3973
0.5389
0.3902
0.4457
0.3955
0.2222
0.4790
0.4932
0.3014
0.2121
0.3302
0.4455
0.3175
0.5051
0.3231
0.3725
0.4382
0.3333
0.4122
0.3878
0.4522
0.4603
0.2951
0.2532
0.3099
0.5607
0.4660
0.2957
0.2920
0.5067
0.3933
0.4528
0.2766
0.3696
0.4971
0.6154
0.4516
0.3913
0.3692
0.4561
0.5091
0.4348
0.4286
0.5510
0.4854
0.5545
0.5316
0.4530
0.1739
0.3664
0.4299
0.5867
0.4153
0.3326
0.3768
0.3504
0.3275
0.3636
0.1284
0.3699
0.2941
0.4638
0.5289
0.3484
0.4762
0.3455
0.3652
0.4472
0.4974
0.4595
0.5620
0.3839
0.2806
0.6966
0.2762
0.4179
0.2178
0.6357
0.4650
0.3051
0.2540
0.4348
0.2889
0.2545
0.4595
0.4898
0.2308
0.3465
0.2824
0.3824
0.2059
0.5583
0.4312
0.3559
0.4639
0.3218
0.3623
0.4286
0.4359
0.3738
0.4694
0.5361
0.6234
0.4953
0.4658
0.4941
0.5057
0.2331
0.2941
0.5304
0.4762
0.3221
0.2703
0.5965
0.7476
0.3353
0.4348
0.4495
0.3505
0.6712
0.5897
0.4103
0.3636
0.5248
0.2473
0.5294
0.6788
0.4467
0.2632
0.4122
0.8630
0.3386
0.4505
0.1930
0.3247
0.5056
0.5022
0.4651
0.5823
0.3511
0.4684
0.2979
0.4871
0.3797
0.4602
0.3478
0.4030
0.6739
0.3385
0.5838
0.6082
0.4624
0.4237
0.3333
0.4925
0.4351
0.2469
0.4400
0.2453
0.3804
0.3358
0.4505
0.6455
0.3925
0.3659
0.3028
0.5215
0.4483
0.3925
0.4841
0.4831
0.5497
0.1481
0.4959
0.4138
0.4395
0.4395
0.4086
0.3425
0.4054
0.4615
