0.3864
0.6047
0.2222
0.6058
0.5874
0.3065
0.8673
0.6591
0.3134
0.5278
0.5745
0.3000
0.7143
0.5357
0.4698
0.5944
0.5791
0.6977
0.3548
0.3807
0.8423
0.8880
0.4872
0.3998
0.5145
0.5913
0.6286
0.6243
0.5741
0.6039
0.5968
0.3333
0.6146
0.5823
0.5500
0.4333
0.4041
0.6080
0.6489
0.6636
0.5606
0.3982
0.1250
0.5889
0.5625
0.6653
0.3944
0.6711
0.3720
0.3934
0.5205
0.5521
0.6178
0.4375
0.3553
0.3904
0.5342
0.4724
0.2586
0.3711
0.2215
0.5480
0.5926
0.3854
0.2130
0.6565
0.2051
0.3333
0.5608
0.5328
0.4253
0.1538
0.5049
0.2045
0.4947
0.6140
0.5360
0.4505
0.3855
0.2083
0.5772
0.3766
0.4619
1.0000
0.2810
0.4920
1.0000
0.5500
0.4641
0.4750
0.5802
0.3030
0.4066
0.2754
0.2740
0.3750
0.3955
0.4286
0.7049
0.5467
0.5068
0.2784
0.5244
0.3697
0.4928
0.7981
0.6800
0.6417
0.6042
0.4643
0.6786
0.4680
0.5374
0.6141
1.0000
0.4744
0.3667
0.8814
1.0000
0.6679
0.5747
0.4104
0.3956
0.8276
0.4314
0.6322
0.5543
0.3599
0.4583
0.6742
0.5565
0.3871
0.6667
0.6857
0.3750
0.0784
0.5000
0.2211
0.3912
0.8971
0.7000
0.5735
0.8707
0.8483
0.4444
0.8281
0.6300
0.5944
0.9322
0.2140
0.4706
0.4440
1.0000
0.5623
0.6156
0.2388
0.5581
0.5767
0.7568
0.4988
0.4430
0.3871
0.4461
0.6453
0.5000
0.3876
0.6219
0.5018
0.3180
0.2500
0.5081
0.4477
0.6744
0.5385
0.6136
0.5000
0.2800
0.4545
0.4634
0.6225
0.4122
0.6245
0.6341
0.5278
0.5347
0.3500
0.6302
0.5395
0.3194
0.2798
0.7692
0.4035
0.6397
0.4827
0.6046
0.5777
0.6485
0.3421
0.6084
0.6147
0.6452
0.6667
0.8154
0.6436
0.3256
0.7141
0.7519
0.9031
0.3380
0.5208
0.8176
0.7164
0.7551
0.4737
0.6084
0.9204
0.4524
0.4393
0.6522
0.6316
0.6034
0.1803
0.4655
0.6341
0.3375
0.5060
0.5123
0.5667
0.6182
0.4250
0.4444
0.4615
0.4584
0.6934
0.4193
0.6259
0.4214
0.3973
0.3159
0.3969
0.3615
0.1979
0.4011
0.3742
0.7444
0.5551
0.6316
0.6221
0.5193
0.5144
0.3333
0.4961
0.5254
0.7048
0.3529
0.5469
0.7636
0.3860
0.2041
0.5368
0.2464
0.4898
0.1373
0.4308
0.5453
0.3065
0.5952
0.4922
0.6237
0.6867
0.4873
0.3231
0.4167
0.4897
0.5000
0.4190
0.5569
0.6834
0.2308
0.7182
0.5502
0.6571
0.6797
0.5357
0.7403
0.4507
0.8049
0.6751
0.4429
0.5805
0.2553
0.3289
0.3359
0.4472
0.4762
0.6377
0.3980
0.4368
0.5979
0.3418
0.5139
0.5635
0.7857
0.3971
0.3396
0.6900
0.4581
0.3636
0.4799
0.5287
0.6704
0.2816
0.3826
0.4558
0.2800
0.5909
0.6667
0.7881
0.3264
0.4590
0.5778
0.4727
0.5325
0.5135
0.6379
0.6304
0.2921
0.6885
0.4755
0.3634
0.3800
0.4535
0.6239
0.5120
0.7137
0.4689
0.5926
0.2979
0.3732
0.6464
0.7655
0.5102
0.6441
0.2727
0.6493
0.6176
0.5078
0.5075
0.4959
0.6697
0.8696
0.5076
0.4444
0.5714
0.8864
0.5155
0.6480
0.8500
0.4400
0.5742
0.7474
0.8939
0.4269
0.4098
0.7835
0.5500
0.2833
0.6607
0.3390
0.6250
0.6635
0.5000
0.5669
0.4242
0.7870
0.8980
0.7361
0.2632
0.8152
0.5604
0.5513
0.6070
0.8933
0.3958
0.2615
0.8750
0.2222
0.5989
0.5915
0.2727
0.5845
0.6003
0.3548
0.6354
0.4924
0.4109
0.8333
0.2568
0.3974
0.5732
0.3735
0.5750
0.5434
0.8313
0.5874
0.5519
0.5085
1.0000
0.5417
0.5395
0.5660
0.6062
0.2979
0.7826
0.4500
0.7000
0.7101
0.3721
0.7176
0.3771
0.5444
0.8730
0.5316
0.5333
0.4481
0.3365
0.4262
0.2619
0.3284
0.5530
0.4646
0.3286
0.3431
0.3657
0.3696
0.5894
0.5044
0.6417
0.4426
0.5455
0.5061
0.2718
0.7033
0.5179
0.3462
0.3538
1.0000
0.4024
0.5579
1.0000
0.5468
0.4468
0.4370
0.5444
0.3710
0.7041
0.4643
0.8697
1.0000
0.4643
0.2734
0.4660
0.2105
0.7153
0.8262
0.5103
0.8209
0.7293
1.0000
0.7247
0.0909
0.3051
0.4686
0.6349
0.6396
0.7857
0.4808
0.8302
0.2271
0.4416
0.5179
0.6348
0.3776
0.4024
0.3152
0.2949
0.6711
0.5285
0.3947
0.2937
0.4986
0.4487
0.5102
0.3833
0.4245
0.5938
0.2432
0.4261
0.6001
0.6207
0.6667
0.8100
0.6467
0.3365
0.4551
0.6415
0.5630
0.2804
0.4021
0.3697
0.7201
0.3879
0.7910
0.6919
0.6706
0.6867
0.5562
0.2500
0.5221
0.7925
0.8214
0.2574
0.7464
0.4766
0.6712
0.5265
0.2778
0.6667
0.7244
0.5000
0.5217
0.4123
0.5556
0.4962
0.8653
0.4583
0.4135
0.5882
0.6293
0.3980
0.5244
0.6481
0.6371
0.4898
0.3919
0.5660
0.3980
0.6032
0.6657
0.3371
0.4714
0.8261
0.4253
0.6004
0.5684
0.5600
0.5658
0.6062
0.6850
0.5507
0.8073
0.3553
0.6363
0.4654
0.6074
0.8026
0.2963
0.5114
0.0714
0.4619
0.5380
0.4610
0.7174
0.8947
0.5938
0.1607
0.2667
0.7500
0.2549
0.6481
0.9941
0.6575
0.4054
0.5433
0.5349
0.6471
0.4493
0.5417
0.7179
0.5282
0.3182
0.3500
0.5455
0.5882
0.4957
0.2697
0.5980
0.9773
0.4683
0.3249
0.4976
0.5303
0.4094
0.5796
0.4588
0.5562
0.4777
0.5500
0.5526
0.6049
0.4104
0.3027
0.6253
0.6881
0.5287
0.5333
0.3265
0.4605
0.4281
0.4762
0.7416
0.4299
0.3592
0.6046
0.4583
0.5026
0.5676
0.4060
0.5309
0.5692
0.3750
0.7269
0.1290
0.6329
0.3106
0.3750
0.2051
0.3636
0.4858
0.4172
0.4808
0.3659
0.3571
0.3038
0.5229
0.2000
0.7451
0.3887
0.5736
0.4571
0.3538
0.9224
0.5776
0.3704
0.3405
0.4691
0.9185
0.4697
0.6903
0.7750
0.6096
0.3636
0.6437
0.9250
0.4737
0.4255
0.5517
0.4804
0.5385
0.3761
0.2865
0.7940
0.5900
0.5319
0.6597
0.5115
0.5821
0.2235
0.4322
0.4984
0.6986
0.4884
0.6129
0.7143
0.5200
0.5797
0.5674
0.5020
0.2727
0.5111
0.2115
0.5940
0.4807
0.5067
0.6758
0.5333
0.3134
0.8153
0.5001
0.4688
0.7143
0.4054
0.6988
0.5790
0.6064
0.3955
0.5541
0.5772
0.3684
0.5185
0.6172
0.1538
0.6341
0.3421
0.6218
0.8474
0.5922
0.5364
0.3820
0.7353
0.7083
0.3904
0.4250
0.3884
0.6526
0.6349
0.6496
0.3755
0.5433
0.5806
0.6667
0.4086
0.4953
0.4802
0.3526
0.5500
0.4000
0.6198
0.6333
0.7121
0.5543
0.7480
0.4677
0.4408
0.3995
0.3214
0.6077
0.4955
0.6090
0.4824
0.4289
0.5991
0.4069
0.3338
0.3953
0.6082
0.4861
0.5333
0.0204
0.2963
0.2578
0.5449
0.1940
0.3478
0.3629
0.4947
0.5455
0.5314
0.7136
0.6084
0.4150
0.4533
0.3237
0.3662
0.3830
0.5000
0.5000
0.3400
0.5877
0.7056
0.4764
0.5576
0.4146
0.5918
0.5625
0.8502
0.2578
0.5815
0.6774
0.3849
0.6462
0.5832
0.4824
0.6639
0.6022
0.5812
0.4714
0.3125
0.5694
0.5079
0.7429
0.4625
0.4594
0.6250
0.4400
0.4545
0.1724
0.6854
0.4693
0.2292
0.3529
0.5094
0.5974
0.4258
0.1757
0.3948
0.5802
0.1951
0.3636
0.3037
0.2245
0.1944
0.4926
0.4001
0.3577
0.3056
0.5057
0.4273
0.4324
0.4878
0.2632
0.3482
0.3137
0.4518
0.5749
0.4746
0.5102
0.4754
0.5050
0.3167
0.4231
0.3654
0.5370
0.2685
0.7283
0.5972
0.3527
0.5942
0.5759
0.4056
0.9630
0.4906
0.4490
0.2702
0.5417
0.4762
0.6000
0.6593
0.5119
0.8464
0.8285
0.3617
0.7630
0.5451
0.3828
0.4423
0.5732
0.8046
0.7371
0.3654
0.6011
0.5357
0.4848
0.5244
0.6691
0.5382
0.5310
0.7035
0.4852
0.4199
0.1818
0.5000
0.4286
0.7273
0.5625
0.3369
0.9275
0.3538
0.4625
0.3718
0.3684
0.5102
0.5945
0.6705
0.2736
0.5100
0.3375
0.3913
0.3158
0.5238
0.5267
0.3077
0.6721
0.6852
0.4286
0.8235
0.5724
0.5965
0.4678
0.7674
0.5274
0.4045
0.5345
0.2830
0.4439
0.5179
0.6322
0.3654
0.6867
0.5156
0.3396
0.4043
0.1143
0.8927
0.2712
0.3557
0.4231
0.7172
0.3514
0.5152
0.6604
0.6667
0.4908
1.0000
0.3929
0.4855
0.6940
0.5361
0.3320
0.4222
0.1707
0.1509
0.3513
0.3199
0.5316
0.6346
0.8547
0.6486
0.1277
0.3129
0.5752
0.3417
0.2712
0.0714
0.7328
0.4631
0.5275
0.7903
0.4479
0.4500
0.5000
0.8824
0.6396
0.3412
0.3284
0.7075
0.7138
0.5837
0.2353
0.3519
0.3182
0.5337
0.6549
0.6696
0.4576
0.6824
0.5938
0.6226
0.6056
0.6973
0.4743
0.4177
0.6615
0.4310
0.2188
0.3578
0.8756
0.5982
0.3256
0.5441
0.4025
0.5661
0.6148
0.4416
0.4635
0.4333
0.3839
0.6282
0.8066
0.5882
0.3806
0.3694
0.6364
0.6885
0.6599
0.7557
0.4588
0.5128
0.5333
0.2627
0.5117
0.3913
0.4062
0.6846
0.5116
0.3534
0.4500
0.5000
0.4549
0.5362
0.5000
0.4226
0.6945
0.4454
0.6113
0.5366
0.6418
0.4330
0.4478
0.1860
0.4573
0.2981
0.4800
0.5853
0.5676
0.4592
0.3643
0.6183
0.3689
0.5000
0.4444
0.7163
0.6202
0.5789
0.2880
0.6265
0.6813
0.4087
0.5789
0.4444
0.6400
0.5685
0.6387
0.2258
0.7352
0.3591
0.5129
0.3760
0.4689
1.0000
0.3542
0.2637
0.7339
0.5936
0.7000
0.3727
0.2842
0.5091
0.2857
0.3997
0.3902
0.5800
0.2754
0.4286
0.6780
0.3778
0.8632
0.3827
0.1579
0.5773
0.4314
0.3636
0.5000
0.6517
0.3503
0.4375
0.6119
0.3571
0.4487
0.6905
0.6308
0.6534
0.4467
0.5750
0.6818
0.4396
0.4198
0.4037
0.3955
0.6304
0.5814
0.4167
0.6829
0.4962
0.2895
0.4912
0.4615
0.3458
0.5026
0.3889
0.3920
0.3387
0.4706
0.2170
0.4672
0.5403
0.6553
0.3962
0.4931
0.4267
0.3800
0.4500
0.7624
0.4694
0.6623
0.5620
0.6971
0.6367
0.5221
0.5281
0.4952
0.7691
0.6026
0.3939
0.9231
0.5104
0.7099
0.6395
0.9444
0.6211
0.5455
0.5758
0.2577
0.5455
0.1509
0.4058
0.5109
0.6250
0.4286
0.6923
0.4041
0.2153
0.6083
0.4366
0.6678
0.5083
0.5179
0.9718
0.4150
0.6242
0.4364
0.4953
0.5283
0.5670
0.3654
0.2993
0.2917
0.4139
0.4403
0.8117
0.3925
0.2766
0.4874
0.5896
0.4583
0.3167
0.4471
0.2222
0.4741
0.6157
0.3571
0.6045
0.3505
0.4239
0.2727
0.4815
0.6787
0.5586
0.5944
0.4715
0.5152
0.4661
0.5167
0.6513
0.5222
0.5217
0.8273
0.5161
0.4854
0.5159
0.6197
0.3882
0.3511
0.6504
0.6000
0.5058
0.5676
0.6495
0.2658
0.5000
0.5873
0.4667
0.5289
0.6606
0.5577
0.6048
0.2750
0.5644
0.3873
0.3234
0.7571
0.2931
0.6025
0.4140
0.2105
0.0541
0.0980
0.6096
0.3429
0.6612
0.9906
0.2941
0.5315
0.2955
0.2381
0.6710
0.5360
0.4867
0.4157
0.5179
0.1020
0.2474
0.4000
0.7097
0.2868
0.7636
0.6009
0.6212
0.5556
0.5942
0.6374
0.4179
0.4359
0.5114
0.4182
0.3071
0.4725
0.5594
0.4747
0.6360
1.0000
0.3647
0.4595
0.4211
0.4624
0.5319
0.4669
0.5393
1.0000
0.6705
0.5195
0.5513
0.5041
0.5851
0.3922
0.4779
0.8918
0.5976
0.5000
0.1800
0.4174
0.2861
0.6203
0.5230
0.5806
0.5067
0.8021
0.5620
0.3398
0.4278
0.6726
0.4000
0.5847
0.5833
0.3553
0.4285
0.2880
0.4512
0.1803
0.5805
0.3680
0.4892
0.6500
0.6607
0.3077
0.4082
0.5167
0.2469
0.6026
0.6071
0.3830
0.4146
0.7121
0.4706
0.6672
0.5689
0.7727
0.3155
0.6557
0.6243
0.5667
0.7143
0.6250
0.5957
0.3958
0.3692
0.2963
0.5345
0.6631
0.7579
0.5378
0.5930
0.7348
0.3737
0.8750
0.5582
0.6393
0.6429
0.4785
0.5990
0.1613
0.4703
0.2500
0.4683
0.5312
0.4435
0.4608
0.8133
0.3043
0.3421
0.5589
0.4884
0.4516
0.4200
0.3088
0.4545
0.7000
0.6692
0.6078
0.5556
0.4694
0.6157
0.5260
0.4941
0.5648
0.6272
0.6875
0.8200
0.4112
0.6194
0.5660
0.5478
0.6271
0.5274
0.4096
1.0000
0.4078
0.5839
0.6724
0.6786
0.5676
0.7957
0.5801
0.5507
0.4091
0.1860
0.5278
0.6022
0.2237
0.4504
0.6284
0.3158
0.4455
0.1818
0.2932
0.5273
0.4035
0.5676
0.5758
0.1538
0.5950
0.5147
0.4821
0.3768
0.3118
0.1709
0.3595
0.5079
0.4258
0.5430
0.5915
0.7763
0.6965
0.4044
0.6860
0.5680
0.2258
0.5270
0.5789
0.9355
0.4961
0.4625
0.5403
0.4312
0.4893
0.3494
0.2812
0.5667
0.5388
0.4737
0.2000
0.6033
0.5862
0.4486
0.2572
0.9167
0.4211
0.5990
0.8239
0.5784
0.5905
0.4046
0.3559
0.6667
0.4845
0.4286
0.3043
0.4348
0.4940
0.4141
0.3679
0.6667
0.5605
0.7000
0.3704
0.2616
0.3598
0.4359
0.3465
0.2558
0.5075
0.4531
0.5871
0.7305
0.4178
0.4516
0.4980
0.1379
0.5614
0.7333
0.1948
0.9829
0.8489
0.4874
0.7500
0.8354
0.5000
1.0000
0.5167
0.4524
0.3701
0.5186
0.4000
0.5312
0.7820
0.1842
0.6218
0.5025
0.3644
0.0667
0.5347
0.4006
0.2159
0.2500
0.6196
0.5003
0.5065
0.5422
0.5366
0.6288
0.4293
0.4756
0.6667
0.2589
0.4587
0.4365
0.5586
0.7625
1.0000
0.6161
0.5949
0.3884
0.4848
0.6468
0.6404
0.4931
0.6414
0.4781
0.6435
0.3004
0.6185
0.9606
0.2742
0.4786
0.3929
0.4590
1.0000
0.4074
0.4921
1.0000
0.7440
0.4444
0.2154
0.5756
0.5292
0.3585
0.5372
0.5000
0.5410
0.5196
0.6481
0.3921
0.4973
0.3750
0.4805
0.5379
0.4899
0.5714
0.5975
0.5606
0.2593
0.2941
0.6012
0.3704
0.7849
0.3333
0.6213
0.3086
0.4630
0.5399
0.6268
0.5484
0.4091
0.6840
0.6769
0.5541
0.2765
0.4741
0.8578
0.4410
0.3133
0.5237
0.6979
0.6259
0.6152
0.7352
0.8667
0.4672
0.2222
0.6923
0.3836
0.4980
0.3868
0.5138
0.4766
0.2941
0.4597
0.2609
0.7719
0.6144
0.6418
0.5455
0.4400
0.4085
0.6434
0.5783
0.6154
0.5136
0.6355
0.5303
0.2130
0.5855
0.4044
0.6000
1.0000
1.0000
0.6026
0.2855
0.4891
0.4364
0.6915
0.4345
0.5854
0.3483
0.2647
0.4145
0.6935
0.6515
0.6136
0.6669
0.6061
0.5000
0.6824
0.5075
0.6333
0.4883
0.3013
0.3878
0.6000
0.5747
0.4783
0.7316
0.4950
0.6528
0.7368
0.4403
0.5571
0.7083
0.4755
0.4145
0.5819
0.5181
0.5348
0.4931
0.2946
0.5731
0.4118
0.7634
0.4385
0.4356
0.6633
0.3505
0.5889
0.6087
0.3581
0.3611
0.6125
0.7790
0.1967
0.4821
0.6785
0.3565
0.5198
0.2143
0.6071
0.6636
0.7463
0.2716
0.7743
0.5491
0.8334
0.6340
0.3233
0.5735
0.6176
0.6252
0.2911
0.5063
0.7250
0.5179
0.4071
0.6908
0.5591
0.7556
0.5436
0.6147
0.7257
0.3519
0.5719
0.6746
0.4569
0.4462
0.6154
0.5315
0.3766
0.5744
0.4806
0.4474
0.7044
0.5675
0.4313
0.7175
0.6557
0.4592
0.5449
0.5495
0.8672
0.6230
0.5267
0.8027
0.4360
0.3429
0.6459
0.3867
0.3030
0.4662
0.3379
0.6886
1.0000
0.2800
0.5312
0.3569
0.4225
0.5692
0.4652
0.5565
0.2262
0.4228
0.3162
0.4933
0.4486
0.4400
0.6860
0.4167
0.2735
0.6596
0.4599
0.3537
0.6130
0.5065
0.6816
0.5158
0.5340
0.7838
0.5384
0.5610
0.2982
0.7663
0.4623
0.4872
0.5867
0.2462
0.4722
0.5179
0.7432
0.6403
0.5082
0.3487
0.6652
0.5857
0.5897
0.7515
0.2222
0.6830
0.4712
0.2258
0.6657
0.2961
0.5204
0.6645
0.5600
0.4611
0.6091
0.6667
0.5547
0.4188
0.6071
0.6587
0.5844
0.4776
0.3800
0.3859
0.6757
0.6441
0.6514
0.5459
0.4643
0.3404
0.4783
0.4722
0.6139
0.4178
0.3200
0.5192
0.5490
0.4709
0.5135
0.4965
0.7633
0.4086
0.5019
0.5851
0.5948
0.5657
0.6800
0.7455
0.6531
0.6681
0.4973
0.5474
0.6489
0.5094
0.5636
0.5959
0.3730
0.3854
0.5466
0.2895
0.6168
0.6908
0.5230
0.6268
0.5161
0.5741
0.4853
0.4014
0.5884
0.5694
0.1922
0.4098
0.3700
0.5484
0.7222
0.4408
0.6491
1.0000
0.7217
0.4286
0.4172
0.4086
0.4468
0.3836
0.2105
0.4571
0.4000
0.3210
0.5928
0.2947
0.4653
0.3823
0.3649
0.4537
0.4474
0.2264
0.7181
0.3333
0.5372
0.5314
0.5183
0.5714
0.5000
0.6386
0.5597
0.4375
0.5952
0.3000
0.3033
0.5926
0.5396
0.5965
0.6373
0.5889
0.5521
1.0000
0.6742
0.3633
0.3563
0.6444
0.5926
0.4894
0.5128
0.7757
0.5767
0.9273
0.6263
0.7345
0.6113
0.4247
0.5388
0.2571
0.5000
0.8364
0.4622
0.5349
0.4510
0.5722
0.4146
0.4211
0.6200
0.3396
0.4692
0.5452
0.4771
0.6206
0.2721
0.5625
0.3269
0.5147
0.6800
0.6000
0.5328
0.6765
0.4555
0.4500
0.4779
0.5414
0.2391
0.3864
0.5928
0.6198
0.4301
0.5108
0.5273
0.4800
0.9495
0.4695
0.4906
0.2500
0.7054
0.4924
0.6458
0.3750
0.4200
0.5111
0.5997
0.4514
0.5031
0.4382
0.3835
0.3156
0.6738
0.4701
0.3846
0.5476
0.5171
0.2833
0.4858
0.7015
0.4771
0.5992
0.2462
0.5556
0.5016
0.6667
0.7984
0.4448
0.5014
0.5144
0.4655
0.3529
0.6485
0.5868
0.3696
0.4303
0.5000
0.4375
0.4706
0.6212
0.2000
0.3686
0.5185
0.7000
0.3571
0.4489
0.5962
0.6285
0.7593
0.6058
0.3288
0.5211
0.6061
0.3973
0.2378
0.4421
0.1304
0.5000
0.5368
0.4265
0.4651
0.2945
0.4968
0.4215
0.5684
0.2750
0.2093
0.5429
0.3340
0.3952
0.4000
0.8387
1.0000
0.4375
0.2000
0.6575
0.5556
0.6897
0.5954
0.5169
0.5000
0.9592
0.6782
0.9014
0.3913
0.5181
0.3600
0.6980
0.4426
0.4965
0.4559
0.7216
0.7476
0.3163
0.2157
0.6136
0.3644
0.7106
0.7015
0.4103
0.5641
0.4648
0.6474
0.3289
1.0000
0.6875
0.4304
0.3939
0.7424
0.4074
0.5213
0.4706
0.5196
0.2827
0.5443
0.6173
0.5625
0.5357
0.2750
0.4608
0.5285
0.5592
0.4079
0.5541
0.4462
0.7932
0.9205
0.5556
0.3832
0.6397
0.6303
0.4684
0.5864
0.4030
0.2727
0.6758
0.8235
0.5328
0.5347
0.3729
0.5759
0.6935
0.5850
0.4149
0.5200
0.4130
0.3859
0.4465
0.4612
0.5333
0.5144
0.5357
0.5935
0.4528
0.5862
0.5299
0.3889
0.8277
0.4634
0.5476
0.5662
0.4651
0.6522
0.5049
0.4592
0.4965
0.3462
0.1860
0.4515
0.1000
0.5037
0.4043
0.5177
0.5345
0.3898
0.4722
0.6025
0.6245
0.5778
0.5833
0.5102
0.5163
0.7977
0.6719
0.7385
0.5676
0.4799
0.6207
0.7042
0.1667
0.5696
0.4766
0.7353
0.5947
0.5510
0.5617
0.2903
0.4744
0.4992
0.6250
0.6000
0.5152
0.6644
0.6531
0.6757
0.5229
0.4817
0.3816
0.5195
0.3056
0.4541
0.6438
0.5727
0.7131
0.6879
0.4294
0.4924
0.7429
0.5850
0.4065
0.4872
0.2727
0.2785
0.5077
0.4762
0.5164
0.1167
0.3396
0.2025
0.5862
0.1395
0.1562
0.6247
0.5398
0.7523
0.6326
0.5085
0.7171
0.6768
0.5211
0.4824
0.5375
0.4706
0.4898
0.6013
0.7418
0.3000
0.2692
0.5857
0.4961
0.9933
0.6000
0.5396
0.7407
0.8167
0.4905
0.4457
0.4375
0.5000
0.4691
0.5129
0.5413
0.4621
0.5878
0.7296
0.5765
0.4384
0.4184
0.3500
0.7661
0.4545
0.6500
0.5169
0.4412
0.4219
0.4426
0.5457
0.2222
0.5930
0.4579
0.6596
0.3279
0.4038
0.3412
0.5116
0.5051
0.6797
0.5267
0.5000
0.3889
0.6667
0.5189
0.3257
0.4125
0.6311
0.6136
0.5635
0.6167
0.4498
0.3750
0.1977
0.5941
0.4464
0.4651
0.3846
0.4740
0.5102
0.3333
0.4727
0.5902
0.6359
0.7596
1.0000
0.5636
0.5732
0.4056
0.4196
0.4921
0.6752
0.4085
0.5914
0.3309
0.6846
0.5087
0.6760
0.4848
0.6750
0.4857
0.3242
0.6893
0.6739
0.3341
0.6800
0.3071
0.4023
0.2603
0.3944
0.5668
0.5588
0.5784
0.9261
0.4303
0.4433
0.2692
0.3661
0.5714
0.5156
0.5709
0.4595
0.5556
0.5309
0.3444
0.3551
0.5119
0.4857
0.5739
0.2083
0.5493
0.4933
0.5714
0.7386
0.5278
0.3966
0.4519
0.4919
0.5124
0.5030
0.5187
0.4755
0.5135
0.6667
0.5110
0.6739
0.2414
0.2921
0.5921
0.5000
0.6613
0.6376
0.5065
0.4886
0.9928
0.6391
0.5429
0.7663
0.7149
0.9836
0.4930
0.3167
0.4184
0.6037
0.4218
0.4103
0.7039
0.4172
0.2727
0.8563
0.4458
0.4685
0.6150
0.5719
0.6483
0.6333
0.2990
0.2615
0.4536
0.5309
0.5600
0.6727
0.6097
0.5968
0.4479
0.4853
0.6174
0.6130
0.4681
0.6396
0.1765
0.4456
0.3174
0.3696
0.4963
0.6460
0.5000
0.2500
0.5357
0.5542
0.4098
0.5156
0.4938
0.6081
0.4198
0.6481
0.7067
0.1800
0.4971
0.6865
0.3783
0.9118
0.5361
0.5909
0.6174
0.3148
0.4800
0.4800
0.3684
0.7875
0.3230
0.2895
0.3286
0.4111
0.2812
0.5543
0.4082
0.3361
0.2157
0.7273
0.6991
0.2778
0.6442
0.7787
0.3333
0.3946
0.6122
0.4289
0.3176
0.4303
0.6119
0.5556
0.2923
0.5867
0.3951
0.3889
0.6452
0.5799
0.5472
0.5997
0.5387
0.4545
0.4198
0.2278
0.4478
0.3269
0.4028
0.4639
0.5515
0.7606
0.6977
0.4398
0.5000
0.3025
0.5699
0.3116
0.8056
0.3250
0.5781
0.3136
0.2525
0.2500
0.4656
0.3622
0.4949
0.3663
0.3833
0.2766
0.5489
0.4439
0.6097
0.3825
1.0000
0.6058
0.6609
0.5061
0.5146
0.8142
0.5057
0.5833
0.5535
0.7601
0.9095
0.5574
0.4328
0.6782
0.4944
0.3333
0.6386
0.5399
0.5087
0.4670
0.6953
0.6923
0.4797
0.7186
0.2163
0.4613
0.3491
0.6976
0.3723
0.4928
0.5672
0.6154
0.3844
0.5676
0.5338
0.6250
0.4440
0.7246
0.5763
0.5909
0.3315
0.5068
0.4530
0.3519
0.2286
0.4298
1.0000
0.6413
0.2971
0.6135
0.1528
0.3585
0.0588
0.5333
0.6932
0.4500
0.2625
0.4490
0.4940
0.7234
0.5699
0.6047
0.3895
0.6656
0.3846
0.4412
0.3333
0.6725
0.1429
0.3659
0.4783
0.3115
0.3000
0.8571
0.2924
0.5069
0.2857
0.3824
0.3407
0.4888
0.4728
0.4301
0.3810
0.3529
0.3269
0.5714
0.5000
0.6400
0.4667
0.5185
0.4937
0.4529
0.4881
0.5741
0.4713
0.5156
0.2680
0.5467
0.4298
0.7367
0.8767
0.6776
0.4756
0.4641
0.5639
0.5638
0.5027
0.5759
0.4729
0.8208
0.7738
0.3028
0.5818
0.8250
0.5975
0.5502
0.5833
0.3333
0.3377
1.0000
0.5754
0.5130
0.6842
0.3516
0.5215
0.5870
0.4688
0.7312
0.7917
0.2687
0.4540
0.4962
0.5179
0.5410
0.6250
0.3913
0.4651
1.0000
0.5035
0.6338
0.3758
0.3771
0.4088
0.4836
0.5481
0.4977
0.5487
0.4194
0.3051
0.4770
0.5362
0.4921
0.5922
0.5393
0.3621
0.6389
0.5000
0.2840
0.5283
0.6538
0.4359
0.5265
0.6048
0.6133
0.5932
0.7193
0.5416
0.7128
0.4851
0.7128
0.5179
0.6664
0.5709
0.6182
0.4194
0.3842
0.6463
0.4545
0.4634
0.5235
0.5682
0.6404
0.2575
0.5654
0.6742
0.4273
0.5898
0.5633
0.2617
0.2540
0.5342
0.4776
0.3133
0.5539
0.2581
0.5225
0.3705
0.3522
0.5000
0.2925
0.2093
0.4706
0.5652
0.3600
0.3741
0.3213
0.4432
0.1675
0.4508
0.4615
0.6364
0.6434
0.5417
0.2444
0.5319
0.5664
0.1509
0.1429
0.3554
0.4270
0.6086
0.9307
0.3478
0.5256
0.7537
0.3158
0.7115
0.4354
0.6387
0.4681
0.4854
0.5333
0.5556
1.0000
0.5386
0.5161
0.5876
0.6773
0.5113
0.7512
0.6946
0.4154
0.3741
0.4603
0.8070
0.3111
0.3387
0.3817
0.4861
0.5058
0.2698
0.7097
0.5437
0.4800
0.4773
0.4687
0.4390
0.6212
0.7137
0.3731
0.6389
0.7209
0.3662
0.5176
0.4815
0.5799
0.5226
0.7303
0.5708
0.7406
0.7124
0.4259
1.0000
0.5180
0.2596
0.4062
0.5455
0.2929
0.6110
0.4426
0.6821
0.7768
0.8602
0.9224
0.4490
0.3885
0.2545
0.3056
0.2593
0.4593
0.5229
0.3143
0.7500
0.3675
0.4481
0.5714
0.6449
0.6778
0.4576
0.4167
0.9500
0.5729
0.5645
0.3388
0.1921
0.5875
0.4652
0.5601
0.5417
0.5562
0.4021
0.6129
0.4750
0.4254
0.4538
0.6631
0.6522
0.6483
0.7143
0.4624
0.4169
0.4406
0.5883
0.7333
0.2692
0.5722
0.5523
0.8205
0.5322
0.4132
0.3564
0.7318
0.3915
0.4825
0.4431
0.6570
0.6554
0.6262
0.5116
0.7407
0.5372
0.6150
0.8386
0.4429
0.4061
0.8060
0.5000
0.4907
0.6934
0.9757
0.5573
0.3559
0.4192
0.5571
0.4507
0.5495
0.4976
0.5446
0.3332
0.7089
0.4556
0.4177
0.5231
0.5487
0.5111
0.6640
0.5000
0.5494
0.5087
0.5134
0.4736
0.4550
0.2708
0.6099
0.3678
0.4396
0.6923
0.5887
0.2941
0.6273
0.4018
0.5250
0.3367
0.5217
0.6184
0.6273
0.4331
0.4103
0.5743
0.5450
0.4825
0.6293
0.7960
0.5417
0.6902
0.5649
0.4673
0.4286
0.5706
0.6081
0.6920
0.3973
0.9375
0.5417
0.7022
0.4189
0.6000
0.6345
0.5873
0.5798
0.5294
0.4733
0.5032
0.4506
0.5449
0.3784
0.5156
0.4706
0.6207
0.5294
0.5464
0.4565
0.5000
0.7174
0.3535
0.4797
0.3162
0.4609
0.4951
0.4484
0.4065
0.6287
0.4906
0.2917
0.6086
0.5250
0.5377
0.5865
0.4267
0.5741
0.4932
0.6479
0.4667
0.4583
0.4624
0.3623
0.3778
0.3494
0.4615
0.5169
0.5077
0.4380
0.2917
0.4093
0.5019
0.4680
0.6426
0.2892
0.4654
0.4346
0.4468
0.5465
0.4060
0.2394
0.5176
0.5041
0.4286
0.4824
0.6019
0.6456
0.6998
0.5056
0.7628
0.6726
0.6771
0.6637
0.7959
0.4382
0.3618
0.3043
0.4595
0.5312
0.6154
0.3933
0.3214
0.5588
0.4043
0.7812
0.5534
0.4461
0.8750
0.4701
0.4908
0.8387
0.3125
0.3680
0.3517
0.9919
0.6393
0.7075
0.5897
0.6154
0.9677
0.4919
0.4733
0.5750
0.5182
0.5738
0.0889
0.4041
0.3913
0.4483
0.7187
0.2857
0.5031
0.2308
0.6228
0.3919
0.2731
0.2745
0.3284
0.6079
0.7826
0.5081
0.6765
0.5017
0.3548
0.1429
0.6881
0.2727
0.7121
1.0000
0.5951
0.3659
0.3053
0.5053
0.4762
0.5455
0.2876
0.2688
0.3154
0.2478
0.7091
0.4160
0.5289
0.3393
0.6180
0.5072
0.5800
0.4329
0.3201
0.7512
0.4724
0.6690
0.3077
0.5444
0.6235
0.4154
0.2656
0.5645
0.5180
0.5833
0.3768
0.6026
0.7048
0.2931
0.1695
0.6144
0.4375
0.2735
0.4435
0.4981
0.5210
0.5926
0.3683
0.7973
0.4810
0.4433
0.8210
0.5383
0.6214
0.4878
0.5970
0.5316
0.4286
0.3939
0.4615
0.6449
0.8090
0.4741
0.5170
0.5265
0.6612
0.7424
0.5146
0.6804
0.5000
0.3390
0.7045
0.3889
0.5500
0.9583
0.6279
0.2000
0.8036
1.0000
0.4000
0.5988
0.8530
0.6835
0.6768
0.3444
0.5451
0.4688
0.5676
0.7000
0.4026
0.4971
0.3947
0.6092
0.5002
0.7730
0.5577
0.4444
0.4557
0.4926
0.4605
0.9118
0.5485
0.6675
0.5875
0.4533
0.5465
0.3500
0.4946
0.3889
0.7502
0.6552
0.3148
0.1667
0.5616
0.5463
0.4423
0.3947
0.4900
0.5363
0.4314
0.4333
0.6522
0.5143
0.2619
0.3571
0.5667
0.4594
0.4154
0.6000
0.9167
0.5206
0.4467
0.4005
0.3923
0.4390
0.3248
0.8023
0.6233
0.2105
0.5701
0.3174
0.6853
0.5300
0.5534
0.5277
0.5790
0.2627
0.5359
0.5690
0.6111
0.5257
0.5479
0.8970
0.7278
0.4286
0.5304
0.8108
0.3925
0.6488
0.3636
0.6163
0.5000
0.4262
0.2157
0.5714
0.4325
0.7303
0.5014
0.4146
0.4590
0.2523
0.2110
0.7619
0.5106
0.5689
0.5297
0.4000
0.4839
0.4412
0.7210
0.5130
0.4598
0.4080
0.2421
0.5345
0.5000
0.4393
0.4815
0.5913
0.5185
0.6457
0.6066
0.5211
0.4156
0.6792
0.4661
0.3722
0.6117
1.0000
0.5116
0.6790
0.7588
0.3864
0.4192
0.5633
0.5392
0.5231
0.5510
0.3911
0.5000
0.5135
0.3000
0.3889
0.4507
0.6810
0.4057
0.3483
0.8871
0.6637
0.7143
0.2745
0.4162
0.7113
0.4884
0.5704
0.4487
0.0769
0.3929
0.5599
0.2632
0.4270
0.4821
0.5936
0.4639
0.5940
0.5979
0.3455
0.3267
0.2963
0.5065
0.2176
0.5211
0.2568
0.4638
0.4557
0.4478
0.2143
0.2683
0.2273
0.5294
0.4224
0.5069
0.7134
0.5135
0.3189
0.2375
0.2540
0.5321
0.3791
0.3871
0.5141
0.1774
0.5084
0.6643
0.4216
0.6771
0.5714
0.5231
0.7337
0.2907
0.4188
0.5801
0.9157
0.7452
0.7024
0.4351
0.3707
0.5661
0.6903
0.6929
0.3759
0.5276
0.5455
0.8872
0.4184
0.4153
0.5886
0.4917
0.6189
0.8476
0.5000
0.6466
0.0000
1.0000
0.3441
0.4650
0.2600
0.3056
0.2273
0.5958
0.3844
0.4503
0.2727
0.4292
0.3100
0.2458
0.4640
0.6400
0.4720
0.7100
0.4681
0.2308
0.4197
0.0750
0.7333
0.5588
0.5789
0.4435
0.3924
0.4402
0.2553
0.5233
0.3000
0.5893
0.5714
0.6019
0.4115
0.6644
0.2258
0.5520
0.6296
0.4037
0.4545
0.3929
0.4000
0.6754
0.6463
0.4342
0.4309
0.6548
0.2500
0.6418
0.3425
0.4961
0.4528
0.3704
0.1864
0.2991
0.7690
0.5263
0.4545
0.4037
0.4630
0.4197
0.4571
0.3939
0.5085
0.5158
0.4921
0.4771
0.5370
0.7733
0.3043
0.4687
0.7168
0.5556
0.6128
0.6941
0.8000
0.2424
0.6906
0.5358
0.6310
0.4943
0.6641
0.2222
0.4220
0.5857
0.3377
0.6847
0.4748
0.6748
0.4006
0.6136
0.6232
1.0000
0.2400
0.7749
0.5685
0.5921
1.0000
0.4105
1.0000
0.5333
0.4538
0.3036
0.6148
0.4548
0.4904
0.7112
0.4588
1.0000
0.6510
0.5541
0.8077
0.1549
0.6060
0.5366
0.4373
0.2258
0.6800
0.4730
0.5067
0.5210
0.4321
0.5934
0.5619
0.5471
0.6318
0.4003
0.5393
0.6086
0.6623
0.5465
0.7313
0.3739
0.3971
0.4581
0.3918
0.4196
0.6160
0.3506
0.4848
0.4625
0.5326
0.5200
0.5318
0.6465
0.4770
0.5947
0.8619
0.4022
0.5317
0.4000
0.6962
0.4035
0.3124
0.0938
0.4037
0.2935
0.5429
0.5887
0.5119
0.3553
0.5068
0.3813
0.5033
0.2670
0.4963
0.5100
0.8614
0.4000
0.0303
0.7600
0.3081
0.3056
0.2585
0.3860
0.8267
0.5700
0.4480
0.6983
0.4583
0.4375
0.6316
0.4167
0.5773
0.5000
0.2666
0.5728
0.4375
0.2252
0.4498
0.4340
0.5312
0.7143
0.3736
0.6567
0.6083
0.5367
0.6548
0.4854
0.5829
0.6018
0.5198
0.8211
0.5461
0.3557
0.3385
0.2969
0.4355
0.2632
0.4211
0.4077
0.4389
0.3295
1.0000
0.2632
0.5938
0.3276
0.7333
0.4789
0.3750
0.5909
0.1379
0.1959
0.4904
0.3667
0.3973
0.6124
0.6782
0.6550
0.4231
1.0000
0.5720
0.2988
0.5701
0.2627
0.4374
0.4610
0.6824
0.5144
0.5463
0.5424
0.5242
0.8178
0.4867
0.9107
0.3750
0.4744
0.5091
0.3235
0.3866
0.3596
0.3622
0.5979
0.4677
0.6431
0.5067
0.5483
0.7484
0.5965
0.4483
0.3163
0.6995
0.6976
0.5600
0.3783
0.7811
0.5495
0.4390
0.5906
0.5252
0.1940
0.5373
0.3296
0.5329
0.5444
0.3881
0.4032
0.4885
0.6384
0.4681
0.4244
0.4042
0.5778
0.6250
0.5955
0.3906
0.6673
0.6956
0.4545
0.4286
0.5907
0.9317
0.4390
0.7500
0.5926
0.3843
0.4159
0.4674
0.4270
0.4245
0.4082
0.7316
0.5753
0.4520
0.6601
0.3718
0.5972
0.4385
0.5865
0.6066
0.8000
0.8106
0.7033
1.0000
0.6888
0.2286
0.5000
0.6939
0.4958
0.2826
0.3216
0.3908
0.3269
0.3559
0.4792
0.5871
0.3214
0.4762
0.6438
0.5378
0.1786
0.2258
0.5478
0.3774
0.4643
0.7053
0.4062
0.5148
0.5301
0.6885
0.7143
0.7455
0.3675
0.5909
0.0769
0.4667
0.4082
0.4519
0.3036
0.3256
0.4256
0.3830
0.6667
0.4792
0.4186
0.3535
0.5566
0.2222
0.2963
0.7297
0.5714
0.5337
0.7500
0.6093
0.2269
0.4277
0.6930
0.2941
0.4561
0.5119
0.6023
0.5056
0.2609
0.3218
0.4118
0.3954
0.5823
0.3009
0.3937
0.6115
0.4963
0.5600
0.8860
0.5825
0.5376
0.5443
0.2604
0.9268
0.3929
0.4761
0.6045
0.3205
0.6933
0.6347
0.5260
0.5185
0.5788
0.0000
0.5468
0.3982
0.2273
0.6327
0.1000
0.3214
0.4681
0.8899
0.8971
0.7073
0.1519
0.5355
0.5013
0.3624
0.6293
0.2500
0.4801
0.5119
0.0698
0.2520
0.4211
0.4961
0.4137
0.2308
0.5819
0.3919
0.3333
0.5192
0.1190
0.2526
0.3364
0.9091
0.2222
0.5985
0.4829
0.5030
0.3372
0.2115
0.4074
0.3979
0.6757
0.2784
0.7944
0.2163
0.5711
0.5111
0.5871
0.4767
0.2353
0.4051
0.3239
0.3276
0.3333
0.2400
0.6259
0.4444
0.5466
0.6904
0.6163
0.4464
0.6058
0.5849
0.4711
0.6408
0.5003
0.4589
0.5136
0.4700
0.4831
0.7335
0.6607
0.5000
0.5811
0.3947
0.4736
0.5018
0.4835
0.5833
0.4824
0.5011
0.6297
0.4532
0.3421
0.6809
0.3385
0.3712
0.9596
0.5934
0.5559
0.4615
0.7062
0.6156
0.6269
0.1791
0.6625
0.4167
0.3620
1.0000
0.2192
0.5278
0.6413
0.3778
0.4286
0.5416
0.5197
0.4783
0.5379
0.7229
0.3581
0.6653
0.4339
0.4958
0.4069
0.2500
0.7439
0.4796
0.6308
0.6288
0.5893
0.6098
0.5253
0.6495
0.6465
0.4531
0.4302
0.4205
0.5303
0.6901
0.5841
0.4125
0.6192
0.7143
0.4554
0.7222
0.5455
0.5841
0.9231
0.7099
0.8128
0.7000
0.6757
0.4891
0.9444
0.6332
0.6853
0.4023
0.5048
0.9571
0.2229
0.4598
0.7111
0.4873
0.4896
0.6417
0.5214
0.8122
0.6138
0.5655
0.5574
0.5956
0.6175
0.5266
0.6531
0.3778
0.6875
0.5127
0.4653
0.4521
0.3794
0.4162
0.6647
0.4211
0.3696
0.4510
0.4743
0.5423
0.4522
0.4121
0.2979
0.8152
0.5586
0.6844
0.5977
0.5844
0.5052
0.6031
0.5914
0.5881
0.6232
0.6527
0.6668
0.6750
0.1688
0.5333
0.6646
0.0714
0.3538
0.8889
0.4789
0.4310
0.5816
0.5000
0.8317
0.5652
0.5961
0.5469
0.4918
0.6040
0.7000
0.5870
0.9128
0.5523
0.8786
0.5282
0.4074
0.6111
0.5530
0.3388
0.2966
0.7263
0.3942
0.6150
0.2262
0.4543
0.4061
0.7412
0.6483
0.6791
0.6082
0.5681
0.6299
0.5439
0.4773
0.5984
0.4839
0.5639
0.7278
0.7951
0.4286
0.4258
0.4824
0.4138
1.0000
0.5319
0.3365
0.5877
0.9031
0.3304
0.3698
0.2830
0.7721
0.4602
0.4088
0.4127
0.2930
0.5108
0.4708
0.3556
0.6299
0.6296
0.5161
0.7052
0.5341
0.3578
0.6880
0.6011
0.4476
0.4370
0.4286
0.2656
0.3906
0.6098
0.5581
0.7829
0.5093
0.4122
0.5856
0.6103
0.3537
0.3846
0.5923
0.4894
0.5054
0.3569
0.5832
0.6480
0.7212
0.6323
0.4952
0.5099
0.3333
0.6857
0.3500
0.4330
0.5788
0.3457
0.4078
0.4954
0.1351
0.2955
0.3333
0.3388
0.5336
0.3026
0.5444
0.4045
0.5000
0.7222
0.5015
0.3922
0.5714
0.4750
0.3333
0.7538
0.4641
0.3575
0.7652
0.4900
0.8026
0.5571
0.5652
0.6208
0.6078
0.3000
0.5110
0.4921
0.8761
0.4821
0.5878
0.5331
0.3775
1.0000
0.4807
0.4921
0.6726
0.4707
0.4677
0.5556
0.5791
0.2941
0.8036
0.3805
0.4030
0.8378
0.3810
0.6025
0.5758
0.7302
0.6612
0.6226
0.5238
0.6319
0.7692
0.5519
0.6292
0.2917
0.4545
0.6491
0.6104
0.2152
0.2500
0.5500
0.5873
0.5893
0.4230
0.6389
0.6447
0.7364
0.8333
0.7500
0.7474
0.3261
0.4109
0.5000
0.8584
0.4930
0.4678
0.3013
0.5049
0.5817
0.5516
0.5674
0.5630
0.7460
0.6219
0.3632
0.5641
0.7159
0.5885
0.3030
0.7949
0.4000
0.4839
0.6133
0.8085
0.3333
0.2143
0.6344
0.5744
0.5000
0.7341
0.7317
0.2899
0.5752
0.5769
0.6327
0.6295
0.4095
0.6597
0.4535
0.3890
0.4390
0.5816
0.5347
0.5572
0.4255
0.5033
0.4464
0.5422
0.5072
0.6239
0.3118
0.4737
0.3409
0.7079
0.8254
0.2333
0.4961
0.5350
0.7162
0.6519
0.6316
0.3487
0.4430
0.5238
0.2400
0.4000
0.1974
0.8560
0.5164
0.4328
0.3607
1.0000
0.7143
0.6429
0.6206
0.3390
0.6579
0.6232
0.6575
0.6092
0.7931
0.7865
0.8303
0.6205
0.6895
0.5789
0.8417
0.7997
0.3086
0.5040
0.5941
0.6513
0.5610
0.6780
0.5778
0.8853
0.7237
0.7598
0.6533
0.8222
0.7214
0.4659
0.3933
0.3288
0.4967
0.6315
0.4528
0.2917
0.5789
0.5232
0.1724
0.3021
0.4186
0.1951
0.3607
0.4021
0.3077
0.1489
0.7259
0.5327
0.6573
0.6985
0.4623
0.1964
0.6450
0.7035
0.8712
0.4708
0.4040
0.2404
1.0000
0.6230
0.4237
0.5375
0.5441
0.6000
0.4510
0.7915
0.6617
0.4771
0.4024
0.4000
0.4795
0.5709
0.6172
0.5247
0.4282
0.8537
0.5000
0.6102
0.5970
0.6300
0.5000
0.5433
0.5873
0.7083
0.5086
0.5486
0.6386
0.6549
0.4524
0.3277
0.4159
0.7405
0.5594
0.3214
0.5147
0.4688
0.1842
0.8642
0.1268
0.3243
0.1625
0.5940
0.7732
0.6527
0.3462
0.6400
0.5000
0.8431
0.2766
0.5529
0.5095
0.4088
0.4455
0.3875
0.5738
0.3951
0.4599
0.6835
1.0000
0.5152
0.7517
0.4783
0.5047
0.4857
0.3077
0.4914
0.4026
0.5988
0.7111
0.2903
0.7239
0.6642
0.3750
0.2698
0.1316
0.4979
0.3688
0.4225
0.4875
0.4865
0.4135
0.5618
0.5035
0.4981
0.5909
0.3415
0.7404
0.3856
0.3839
0.8182
0.5067
0.0909
0.5556
0.5342
0.6786
0.3556
0.0625
0.6325
0.6200
0.4583
0.5921
0.7968
0.5089
0.5263
0.4194
0.7208
0.5126
0.5122
0.4501
0.5625
0.6420
0.4492
0.3673
0.4737
0.4436
0.4297
0.6487
0.3662
0.4421
0.4310
0.5391
0.7363
0.6924
0.4184
0.0000
0.3977
0.4476
0.8571
0.6129
0.6781
0.4286
0.4722
0.3548
0.4376
0.5270
0.3636
0.4213
0.6986
0.8016
0.3987
0.7030
1.0000
0.4242
0.6979
0.4550
0.5133
0.8889
0.6494
0.7541
0.6636
0.6594
0.4857
0.4408
0.4492
0.7197
0.6061
0.4333
0.3350
0.3400
0.8958
0.3462
0.6757
0.6836
0.4833
0.2727
0.3696
0.5714
0.9423
0.5773
0.3453
0.2342
0.4820
0.4409
0.4868
0.5706
0.5944
0.5397
1.0000
0.8700
0.6154
0.4661
0.4219
0.6236
0.9224
0.6803
0.4308
0.4825
0.6250
0.9601
0.2917
0.4454
0.4714
0.6009
0.7344
1.0000
1.0000
0.3586
0.2162
0.5114
0.4118
0.4878
0.5744
0.4444
0.3478
0.3871
0.5897
0.7855
0.5581
0.7333
0.7312
0.4830
0.7692
0.1519
0.5294
0.5857
0.6704
0.5684
0.5530
0.4615
0.5357
0.5507
0.6420
0.6190
0.4972
0.2766
0.4658
0.6695
0.4625
0.4627
0.5754
0.6437
0.5368
0.7517
0.2667
0.6800
0.6294
0.4867
0.5918
0.5318
0.4853
0.4950
0.5345
0.4946
0.3876
0.4667
0.3659
0.6186
0.6586
0.4673
0.2948
0.4783
0.3972
0.5278
0.3591
0.5030
0.5000
0.6591
0.4779
0.4255
0.5593
0.4739
0.5486
0.4405
0.5042
0.2778
0.4000
0.4537
0.3826
0.5322
0.6709
0.3394
0.6389
0.5094
0.6071
0.8182
0.4565
0.4721
0.5476
0.6316
0.5059
0.3814
0.6107
0.2105
0.7412
0.5325
0.6201
0.3636
0.5627
0.7937
0.6149
0.7027
0.5287
0.7692
0.5590
0.3924
0.5255
0.4868
0.7308
0.7333
0.8050
0.5429
0.5797
0.4038
0.4891
0.6491
0.4436
0.4694
0.4242
0.2981
0.6037
0.1190
0.4800
0.6161
0.5763
0.4208
0.4412
0.7043
0.6142
0.4915
0.5980
0.4830
0.7115
0.5278
0.5319
0.4968
0.4483
0.4657
0.6008
0.6632
0.6892
0.4621
0.1667
0.5275
0.5352
0.6250
0.7234
0.5189
0.4114
0.0968
0.5749
0.5083
0.4265
0.3611
0.5882
0.4279
0.4595
0.5968
0.6574
0.6028
0.3377
0.3628
0.3812
0.3293
0.6667
0.4962
0.5259
0.3020
0.3952
0.4611
0.6317
0.4467
0.3679
0.7509
0.6744
0.7963
0.5500
0.5101
0.3670
1.0000
0.1194
0.3529
0.8125
0.7663
0.3239
0.9057
0.4886
0.5385
0.4634
0.3182
0.2632
0.4688
0.4262
0.6282
0.4746
0.9259
0.3889
0.3400
0.4545
0.7330
0.5133
0.4852
0.7125
0.5556
0.2719
0.2000
0.2941
0.2268
0.4589
0.5341
0.7073
0.4000
0.7143
0.5507
0.4076
0.5655
0.2936
0.6974
0.2258
0.4000
0.7172
0.6134
0.6375
0.4965
0.5385
0.6297
0.4089
0.2773
0.6368
0.6271
0.4783
0.5732
0.1818
0.3668
0.4444
0.1364
0.2764
0.5812
0.6493
0.5415
0.4572
0.4375
0.3200
0.3784
0.7091
0.6429
0.3819
0.4062
0.6316
0.8220
0.4732
0.7714
0.3854
0.1176
0.3630
0.8455
0.4301
0.4737
0.2879
0.8519
0.5556
0.6430
0.7341
0.3976
0.6280
0.4307
0.3704
0.0909
0.3733
0.5560
0.4358
0.6862
0.3918
0.6734
0.6111
0.8375
0.8209
0.5888
0.6403
0.3448
0.4493
0.4675
0.6591
0.5116
0.4294
0.5789
0.4563
0.6187
0.4629
0.5805
0.8875
0.3426
0.3778
0.3478
0.2391
0.3472
0.5000
0.5730
0.5113
0.2667
0.3944
0.6743
0.3157
0.4200
0.6926
0.3402
0.1914
0.4000
0.1781
0.1837
0.3067
0.4930
0.6272
0.3115
0.5846
0.2956
0.4071
0.3045
0.6667
0.3024
0.2000
0.5347
0.6180
0.4444
0.7000
0.2041
0.5120
0.3333
0.5924
0.6271
0.0930
0.3333
0.4150
0.5543
0.3900
0.3289
0.2105
0.5072
0.4049
0.3654
0.6765
0.9200
0.2308
0.4681
0.2704
0.6043
0.6783
0.3134
0.7407
0.2976
0.4118
0.3912
0.5242
0.6635
0.5385
0.5169
0.2449
0.3333
0.3846
0.5570
0.6190
0.0930
0.5569
0.4595
0.4947
0.6105
0.3033
0.2453
0.3875
0.5328
0.3878
0.6641
0.4398
0.4604
0.2353
0.6387
0.4538
0.6581
0.6708
0.3902
0.4231
0.3220
0.7648
0.3689
0.5749
0.1835
0.7551
0.5331
0.5000
0.6337
0.5480
0.4367
0.5801
0.2381
0.4643
0.2821
0.5504
0.3333
0.4118
0.2436
0.3095
0.4138
0.4317
0.2963
0.3214
0.7596
0.3971
0.5000
0.4335
0.6539
0.4167
0.6185
0.6688
0.6068
0.3627
0.5898
0.5366
0.5198
0.5349
0.3378
0.6256
0.6104
0.6757
0.4000
0.7020
0.6372
0.0455
0.6164
0.5039
0.8667
0.4412
0.4000
0.4867
0.8125
0.5500
0.5723
0.4839
0.6547
0.7447
0.9098
0.3548
0.6224
0.7549
0.5172
0.9744
0.6429
0.5143
0.6258
0.6057
0.5102
0.4000
0.3793
0.5115
0.4000
0.4231
0.8571
0.5748
0.4972
0.8922
0.5396
0.1053
0.7643
0.5882
0.5315
0.3073
0.8589
0.6389
0.7740
0.4871
0.6238
0.4286
0.6322
0.4081
0.3529
0.7013
0.4694
0.4712
0.4086
0.3294
0.6538
0.5500
0.5068
0.6454
0.3333
0.5120
0.4158
0.3194
0.3967
0.4599
0.4489
0.1837
0.6038
0.3994
0.8434
1.0000
0.6446
0.0645
0.4242
0.7411
0.5893
0.5500
0.7069
0.4718
0.3452
0.2917
0.4571
0.4968
0.4776
0.6184
0.2174
0.5585
0.4794
0.6028
0.2338
0.3351
0.3378
0.4158
0.5232
0.3652
0.2663
0.5000
0.4794
0.4444
0.4000
0.2895
0.4868
0.7447
0.5093
0.4270
0.5571
0.5556
0.6951
0.5333
0.8923
0.5082
0.2600
0.5139
0.5905
0.3776
0.4961
0.5326
0.6477
0.5121
0.5957
0.4375
0.6958
0.5604
0.5946
0.4688
0.5965
0.5316
0.6299
0.6187
0.5400
0.6429
0.4151
0.6798
0.5239
0.5865
0.2072
0.7084
0.3785
0.5135
0.5520
0.8333
0.4457
0.4677
0.9156
0.2545
0.4877
0.3000
0.2745
0.3125
0.7333
0.3810
1.0000
0.2857
0.8046
0.3571
0.5610
0.6059
0.4250
0.2500
0.2119
0.3889
0.4320
1.0000
0.2588
0.6474
0.3529
0.6053
0.4324
0.6623
0.3333
0.7332
0.3660
0.7059
0.7097
0.3750
0.4576
0.6383
1.0000
0.5962
0.5748
0.5750
0.4186
0.4727
0.1905
0.6711
0.6992
0.6028
0.5645
0.3117
0.5830
0.4000
0.4141
0.8000
0.7458
0.4716
0.5197
0.3333
0.5908
0.5360
0.7434
0.6513
0.8026
0.6939
0.4456
0.3217
0.7560
0.6419
0.8965
0.5480
0.5840
0.3438
0.4079
0.3828
0.5319
0.3214
0.2174
0.4756
0.4281
0.3894
0.5967
0.6111
0.3889
0.5104
0.2619
0.5745
0.4667
0.4238
0.5455
0.5628
0.5979
0.4908
0.4731
0.2589
0.3115
0.3611
0.4400
0.7484
0.3000
0.6000
0.2727
0.3077
0.5851
0.7523
0.5155
0.5582
0.4564
0.4487
0.5917
0.4807
0.4905
0.5686
0.6548
0.4700
0.3266
0.6104
0.5417
0.3250
0.3611
0.4367
0.3488
0.4656
0.3615
0.5672
0.4733
0.5274
0.7219
0.3960
0.4880
0.3899
0.6304
0.5701
0.4179
0.7237
0.4703
0.3000
0.4780
0.7200
0.3112
0.4147
0.5381
0.6411
0.2295
0.5373
0.7061
0.3712
0.4509
0.2708
0.4735
0.3729
0.9524
0.3134
0.3457
0.4609
0.5507
0.6727
0.5588
0.3710
0.7372
0.3373
0.4223
0.3652
0.7210
0.3269
0.3778
0.6883
0.7092
0.1750
0.4840
0.7000
0.4893
0.7600
0.7934
0.9560
0.6107
0.4671
0.7353
0.4364
0.3171
0.2738
0.3417
0.4561
0.6400
0.6149
0.2000
0.4500
0.6761
0.7025
0.4480
0.4432
0.5300
0.6797
0.4884
0.7613
0.5519
0.6163
0.4444
0.4444
0.5278
0.4000
0.5000
0.8439
0.4994
0.6443
0.5683
0.4750
0.6459
0.4967
0.3364
0.5156
0.3667
0.5625
0.3568
0.2761
0.6060
0.8235
0.2727
0.3800
0.5313
0.5579
0.7842
0.4498
0.5061
0.4667
0.5172
0.4925
0.7195
0.3907
0.4625
0.5614
0.5342
0.5795
0.4426
0.3200
0.4398
0.5588
0.5773
0.5518
0.5252
0.3628
0.6496
0.6238
0.4823
0.7745
0.5119
0.5766
0.5455
0.6000
0.3636
0.6632
0.6109
0.5147
0.4156
0.4723
0.5595
0.5895
0.3759
0.7341
0.4676
0.3200
0.4714
0.8648
0.6829
0.5220
0.4964
0.4767
0.5952
0.5018
0.6892
0.5010
0.6233
0.6333
0.6935
0.5412
0.4365
0.7580
0.4806
0.8715
0.5833
0.5548
0.3861
0.5051
0.5811
0.4944
0.2805
0.3716
0.7304
0.7807
0.2647
0.7053
0.6500
0.6567
0.6598
0.5963
0.5716
0.5659
0.4520
0.4815
0.8314
0.6324
0.5948
0.5102
0.6772
0.5000
0.6096
0.5972
0.5906
0.5652
0.5405
0.4401
0.5455
0.4038
0.3026
0.5095
0.2105
0.4592
0.4000
0.8486
0.8905
0.6709
0.5641
0.6207
0.4872
0.5946
0.4091
0.5508
0.5385
0.3613
0.2200
0.1528
0.4878
0.5498
0.5911
0.2778
0.6955
0.5536
0.2881
0.5754
1.0000
0.6667
0.6711
0.6124
0.3077
0.5759
0.4795
0.3947
0.5610
0.6002
0.5559
0.2069
0.1786
0.5652
0.4194
0.4197
0.4172
0.5618
0.5808
0.7143
0.2121
0.5852
0.4152
0.5238
0.3167
0.6169
0.6500
1.0000
0.5168
0.2692
0.4973
0.4114
0.8049
0.4634
0.3137
0.5570
0.6944
0.5515
0.3873
1.0000
0.5940
0.3196
0.5079
0.2292
0.6200
0.2308
0.5748
0.3673
0.5563
0.2824
0.4237
0.2457
0.6615
0.4415
0.6564
0.4742
0.1667
0.3942
0.6747
0.4464
0.5720
0.3246
0.6516
0.3143
0.4891
0.5527
0.5720
0.5467
0.5397
0.4876
0.5808
0.5170
0.4461
0.5713
0.6445
0.4797
0.5226
0.8800
0.5000
0.8985
0.3846
0.6246
0.5106
0.5717
0.4449
0.7715
0.7593
0.4681
0.6373
0.6279
0.4816
0.5854
0.4440
0.5834
0.4093
0.9091
0.6208
0.4612
0.3478
1.0000
0.8922
0.4606
0.0526
0.8000
0.6929
0.6321
0.6875
0.4672
0.6468
0.4276
0.5556
0.4720
0.5697
0.4500
0.6402
0.7488
0.7692
0.6493
0.4634
0.4333
0.7419
0.5343
0.3333
0.3810
0.5623
0.6352
0.5833
0.5294
0.4151
0.4140
0.5902
0.5652
0.7500
0.9545
0.5548
0.3768
0.4974
0.3636
0.5800
0.4054
0.5944
0.4016
0.3273
0.4615
0.5167
0.5034
0.3300
0.4390
0.5200
0.4420
0.7000
0.4634
0.9048
0.5670
0.4474
0.3115
0.6206
0.6659
0.5556
0.6832
0.4787
0.3551
0.3951
0.7237
0.3714
0.6300
0.6188
0.4250
0.8409
0.4507
0.5863
0.4815
0.5524
0.6175
0.5056
0.2612
0.3930
0.6742
0.6833
0.3531
0.3457
0.5246
0.4848
0.6240
0.3059
0.3194
0.1667
0.2836
0.5489
0.3478
0.3665
0.4909
0.4408
0.4531
0.5425
0.8141
0.5267
0.5311
0.4815
0.7148
0.4342
0.5920
0.3731
0.7283
0.6271
0.5440
0.6356
0.5778
0.6020
0.3433
0.7073
0.3169
0.4439
0.8609
0.3809
0.2957
0.5882
0.3810
0.4109
0.4844
0.3293
0.4841
0.4175
0.4474
0.5250
0.1961
0.3919
0.3241
0.5263
0.6368
0.4583
0.6512
0.5273
0.4481
0.6018
0.9810
0.4517
0.2632
0.2571
0.6741
0.8733
0.3462
0.7153
0.4211
0.3469
0.4801
0.4896
0.4490
0.4778
0.4345
0.3333
0.5833
0.2174
0.4722
0.5417
0.4188
0.2222
0.2439
0.4722
0.4194
0.6048
0.4219
0.5897
0.4933
0.5000
0.4262
0.2641
0.2913
0.4800
0.3015
0.5844
0.5542
0.3496
0.6409
0.7071
0.3870
0.5104
0.6800
0.2222
0.2258
0.5679
0.6054
0.3808
0.4752
0.5771
0.0909
0.7746
0.6000
0.8085
0.5247
0.4248
0.4914
0.4643
0.5329
0.4854
0.7222
0.6678
0.0000
0.3646
0.5745
0.5759
0.6120
0.4551
1.0000
0.6973
0.6288
0.5758
0.4500
0.5742
0.7618
0.3667
0.4833
0.4127
0.7377
0.4717
0.5012
0.5538
0.5611
0.4659
0.6344
0.5159
0.3969
0.4545
0.5319
0.4278
0.2958
0.3580
0.5882
0.3614
0.7528
0.4708
0.3265
0.8578
0.5889
0.5588
0.6374
0.6230
0.5696
0.5625
0.2667
0.4437
0.4375
0.7234
0.5385
0.3415
0.2966
0.1351
1.0000
0.1905
0.4082
0.4177
0.3407
0.1562
0.1579
0.5969
0.6915
0.2875
0.5417
0.7627
0.6944
0.6696
0.4474
0.5410
0.5278
0.6543
0.2943
0.6376
0.4835
0.3269
0.2957
0.4630
0.3793
0.6742
0.5860
0.6019
0.6632
0.6279
0.5588
0.6250
0.5991
0.7609
0.4858
0.5028
0.2364
0.6136
0.4016
0.3910
0.5580
0.5574
0.4247
0.4826
0.5449
0.5346
0.6639
0.3922
0.8241
0.5339
0.4854
0.5556
0.4403
0.4257
0.2222
0.7385
0.4580
0.4855
0.2450
0.5422
0.8931
0.7679
0.3866
0.3939
0.5904
0.5125
0.5937
0.7333
0.8554
0.5000
0.5417
0.5000
0.3966
0.3537
0.4175
0.3188
0.4364
0.6449
0.4423
0.7481
0.5041
0.6250
0.5098
0.6462
0.5937
0.6630
0.5645
0.6468
0.6642
0.8000
0.9091
0.6667
0.5077
0.5020
0.4825
0.7303
0.3851
0.0938
0.6617
0.8833
0.4301
0.5960
0.2826
0.5484
0.4493
0.7222
0.3584
0.5431
0.3385
0.4713
0.2750
0.6813
0.4762
0.7156
0.5312
0.6000
0.6394
0.4910
0.4014
0.5056
0.4933
0.1636
0.5750
0.6940
0.4478
0.9009
0.5723
0.8305
0.6061
0.5942
0.4915
0.4766
0.6594
0.4561
0.4917
0.2596
0.4622
0.3291
0.4436
0.4219
0.6848
0.4015
0.4231
0.3043
0.1579
0.3655
1.0000
0.5028
0.3747
0.5161
0.2219
0.4839
0.4491
0.1948
0.5173
0.0714
0.3929
0.7500
0.5270
0.7447
0.1250
0.2241
0.4516
0.1975
0.4000
0.2564
0.5924
0.4767
0.3151
0.7230
0.7089
0.4111
1.0000
0.5210
0.4942
0.3222
0.5479
0.4894
0.5027
0.5865
0.6696
0.6744
0.6182
0.5500
0.4375
0.6087
0.5056
0.5346
0.5663
0.3774
0.5715
0.4142
0.7778
0.6640
0.5377
0.7955
0.5577
0.4079
0.7083
0.4839
0.3627
0.4000
0.7974
0.1795
0.2381
0.3636
0.4743
0.5164
0.4003
0.1443
0.6818
0.4400
0.3611
0.6923
0.6102
0.3824
0.3054
0.5872
0.7965
0.4756
0.3030
0.8450
0.6230
0.4810
0.6690
0.3277
0.6977
0.8485
0.6437
0.9333
0.3663
0.6628
0.5571
0.6000
0.3263
0.5248
0.9036
0.4907
0.7374
0.4745
0.3023
0.7549
0.3250
0.4795
0.4070
0.3750
0.6612
0.5548
0.3750
0.4381
0.5385
0.3617
0.3941
0.7256
0.4603
0.8553
0.3868
0.4524
0.4447
1.0000
0.8326
0.6302
0.7326
0.1675
0.4885
0.5126
0.4301
0.4804
0.7334
0.4048
0.1833
0.6043
0.3573
0.4224
0.6923
0.7667
1.0000
0.5946
0.3957
0.2576
0.3765
0.6750
0.4545
0.4493
0.3526
0.4942
0.5041
0.3537
0.5841
0.7360
0.2612
0.6478
0.4480
0.5407
0.6116
0.9968
0.5849
0.4359
0.4062
0.7102
0.7845
0.3182
0.4375
0.6834
0.4933
0.6776
0.4435
1.0000
0.6164
0.5095
0.5139
0.6923
0.4792
0.4346
0.5048
0.1667
0.6261
0.7821
0.4439
0.6951
0.3161
0.4688
0.5758
0.5267
0.5495
0.3458
0.4863
0.3636
0.5945
0.5469
0.6181
0.8684
0.5789
0.5128
0.4643
0.7333
0.5190
0.5955
0.5263
0.2375
0.5260
0.4363
0.5993
0.7958
0.4884
0.5000
0.5000
0.1538
0.8667
0.5656
0.4310
0.6250
0.4976
0.3111
0.4352
0.5650
0.7017
0.5408
0.5378
0.5476
0.5732
0.6634
0.6833
0.8156
0.6959
0.3946
0.5614
0.4118
0.7500
0.1765
0.5111
0.4890
0.6262
0.6023
0.5273
0.5613
0.5729
0.5478
0.4648
0.4329
0.6569
0.5817
0.7013
0.6190
0.7759
0.4555
0.4686
0.4808
0.4986
0.4177
0.4217
0.4074
0.2561
0.5089
0.5000
0.4043
0.5938
0.2564
0.8348
0.7333
0.2592
0.4074
0.5587
0.5048
0.5788
0.3472
0.4467
0.7826
0.5755
0.5000
0.5686
0.6466
0.5602
0.4310
0.6019
0.5357
0.5636
0.5672
0.4602
0.3936
0.6276
0.7170
0.5473
0.4247
0.5455
0.8407
0.6556
0.4866
0.4196
0.5645
0.7571
0.2544
0.5640
0.4381
0.5746
0.4715
0.5188
0.3564
0.1176
0.5464
0.6619
0.6086
0.5097
0.4615
0.4916
0.3426
0.3218
0.2967
0.3137
0.3129
0.6375
0.3929
0.5993
0.7456
0.6699
0.4769
0.5379
0.5135
0.6623
0.5092
0.3506
0.2923
0.4195
0.3075
0.4889
0.2857
0.3270
0.4923
0.2333
0.0588
0.6077
0.5038
0.2816
0.3630
0.2815
0.5000
0.4157
0.5220
0.6667
0.5873
0.5824
0.4633
0.5265
0.4023
0.2308
0.4654
0.4186
0.2800
0.5720
0.2222
0.6460
0.6906
0.3691
0.4547
0.4552
0.5577
0.2500
0.9091
0.3343
0.5717
0.5109
0.4262
0.7212
0.6714
0.4405
0.3364
0.6824
0.5351
0.2778
0.1429
0.5805
0.5622
0.4344
0.2669
0.2721
0.4545
0.5127
0.3494
1.0000
0.4154
0.5148
0.3887
0.6423
0.3265
0.3521
0.3619
0.5177
0.4167
0.8000
0.3299
0.4688
0.2887
0.3611
0.2944
0.4119
0.4773
0.4194
0.5535
0.3929
0.2874
0.4855
0.5194
0.5227
0.6415
0.6367
0.4592
0.5000
0.2542
0.4811
0.8333
0.4510
0.4593
0.4211
0.5230
0.5586
0.5915
0.6144
0.6484
0.6829
0.6453
0.6927
0.5436
0.6405
0.6974
0.3500
0.4026
0.6632
0.2857
0.6360
0.6211
0.4943
0.8173
0.6385
0.4048
0.3267
0.5526
0.4789
0.6137
0.7716
0.6458
0.2826
1.0000
0.5238
0.3036
0.5804
0.4179
0.3061
0.7254
0.6379
0.5427
0.3978
0.7330
0.6522
0.3811
0.3198
0.5721
0.4213
0.4211
0.5834
0.4737
0.5857
0.6378
0.4716
0.5638
0.6236
0.5338
0.6596
0.7083
0.1613
0.4231
0.5040
0.2874
0.6237
0.4444
0.2727
0.7316
0.5089
0.4239
0.4722
0.5806
0.3896
0.4307
0.4643
0.3200
0.7667
0.6705
0.5174
0.2805
0.4539
0.6003
0.4616
0.6957
0.4111
0.4037
0.5561
0.6633
0.6019
0.6621
0.7329
0.3333
0.3846
0.5286
0.3235
0.3333
0.4533
0.3462
0.6757
0.5231
0.3614
0.5476
0.5049
0.5452
0.8043
0.2000
0.5266
0.5508
0.4728
0.3050
0.5253
0.5949
0.5421
0.4819
0.3191
0.4966
0.5885
0.6846
0.4625
0.3182
0.3913
0.2850
0.5673
0.7500
0.4817
1.0000
0.7277
0.3856
0.5105
0.6610
0.3850
0.2556
0.5130
0.6278
0.7866
0.5117
0.3274
0.0930
0.7895
0.4919
0.5432
0.3333
0.2353
0.5529
0.3939
0.8599
0.1905
0.5856
0.5723
0.3275
0.3918
0.5349
0.6211
0.6361
0.6551
0.4843
0.4091
0.0455
0.7765
0.3768
0.1527
0.4336
0.9407
0.6591
0.5643
0.6251
0.5056
0.3522
0.4667
0.5590
0.3469
0.6830
0.6186
0.4615
0.4903
0.4127
0.4767
0.6136
0.5312
0.7347
0.5652
0.8438
0.5455
0.3433
0.4952
0.5283
0.5490
0.4432
0.4650
0.3696
0.8414
0.6333
0.6635
0.6650
0.5870
0.7571
0.5263
0.4681
0.2523
0.5408
0.5526
0.5483
0.2222
0.5317
0.5061
0.4275
0.7190
0.3389
0.5809
0.5563
0.5022
0.5055
0.6216
1.0000
0.5208
0.5690
0.4836
0.5909
0.4232
0.4268
0.4500
0.5000
0.4286
0.6783
0.3681
0.4000
0.5789
0.7602
0.4317
0.4943
0.4038
0.3056
0.5444
0.5882
0.6703
0.4907
0.1379
0.6698
0.6429
0.5229
0.5882
0.0714
0.5655
0.3855
0.6071
0.7589
0.6462
0.6145
0.3464
0.6000
0.1143
0.0980
0.3947
0.2333
0.1875
0.4672
0.5217
0.9333
0.3846
0.5000
0.6947
0.6651
0.6061
0.3794
0.6532
0.6098
0.6545
0.4865
0.3194
0.5254
0.3465
0.7561
0.4375
0.4724
0.4130
0.6207
0.6546
0.7171
0.3433
0.3972
0.4809
0.5000
0.2979
0.7838
0.6667
0.5366
1.0000
0.5865
0.5301
0.8158
0.7201
0.6329
0.5612
0.5903
0.5750
0.4032
0.4217
0.3370
0.3483
0.5000
0.3816
0.6803
0.6896
0.5891
0.7407
0.5227
0.4828
0.7006
0.8500
0.5333
0.5870
0.5897
0.3837
0.2895
0.1864
0.8482
0.7673
0.6225
0.3810
0.2931
0.6845
0.4666
0.3775
0.6250
0.8019
0.5455
0.3793
0.5848
0.3288
0.4848
0.5250
0.5714
0.4727
0.5550
0.5312
0.5333
0.5222
0.5556
0.7915
0.2456
0.4531
0.4679
0.2121
0.4375
0.6122
0.5676
0.5056
0.6078
0.5341
0.4216
0.4557
0.5108
0.4789
0.5929
0.5029
0.5024
0.2889
0.6724
0.5181
0.8188
0.5508
0.5085
0.3902
0.6282
0.5056
0.6173
0.6209
0.5429
0.3226
0.4068
0.3786
0.6167
0.4355
0.6917
0.5603
0.5649
0.6667
1.0000
0.9664
0.5673
0.6333
0.4302
0.6333
0.7035
0.4859
0.3250
0.8058
0.8056
0.7168
0.8053
0.4554
0.4023
0.5897
0.5432
0.3253
0.5935
0.4828
0.1786
0.2258
0.5909
0.6330
0.4074
0.4674
0.3415
0.2903
0.2933
0.5376
0.4667
0.4045
0.7222
0.6686
0.6553
0.2500
0.4057
0.8146
0.4889
0.5063
0.1695
0.3136
0.4727
0.6327
0.4718
1.0000
0.3580
0.3571
0.2308
0.4821
0.3704
0.7283
0.8080
0.7215
0.6464
0.1750
0.5634
0.7271
0.5285
0.5714
0.5733
0.6875
0.5778
0.4780
0.5940
0.3736
0.2000
0.3553
0.6302
0.3208
0.5321
0.6863
0.3692
0.3000
0.4127
0.3285
0.3684
0.6736
0.4026
0.5043
0.2692
0.7123
0.2667
0.4861
0.5621
0.6000
0.5676
0.3542
0.7619
0.4746
0.2105
0.4583
0.5271
0.6476
0.5072
0.7957
0.3908
0.5238
0.6475
0.7220
0.4419
0.5387
0.3158
0.6057
0.4510
0.5119
0.6962
1.0000
0.5200
0.6071
0.6154
0.5745
0.6403
0.5234
0.6420
0.3636
0.5478
0.6458
0.6904
0.6531
0.5447
0.5499
0.4832
0.5588
0.6616
0.4570
0.3000
0.4318
0.2143
0.6714
0.3571
0.6469
0.5750
0.6697
0.4231
0.6875
0.6685
0.7460
0.3478
0.3243
0.5714
0.3980
0.9821
0.2917
0.5473
0.8443
0.4595
0.5398
0.5103
0.5238
0.3736
0.8883
0.6883
1.0000
0.2289
0.5238
0.4259
0.5745
0.4324
0.6098
0.8511
0.3478
0.9091
0.4627
0.4583
0.5340
0.9262
0.4295
0.4548
0.5852
0.4620
0.7437
0.5171
0.7342
0.5707
0.6379
0.8561
0.3111
0.6380
0.5128
0.4966
0.3641
0.6996
0.5413
0.5400
0.1940
0.4972
0.6205
0.5088
0.5129
0.6624
0.4476
0.5181
0.5750
0.5294
0.4343
0.6227
0.4466
0.6906
0.7935
0.7000
0.5960
0.6139
0.5859
1.0000
0.6341
0.5474
0.3333
0.5266
0.4552
0.5560
0.6410
0.5315
0.5923
0.4834
0.3368
0.7325
0.5625
0.4713
0.4605
0.5591
0.1818
0.5888
0.5147
0.5934
0.3465
0.6598
0.4222
0.6239
0.4084
0.2353
0.4740
0.4082
0.5566
0.7143
0.5034
0.5197
0.3736
0.5407
0.2602
0.3192
1.0000
0.5256
0.3056
0.3200
0.6544
0.6143
0.6913
0.6001
0.4339
0.4932
0.4683
0.3530
0.5888
0.6667
0.5714
0.5000
0.7169
0.5911
0.6486
0.5885
0.6569
0.4875
0.5368
0.6311
0.5658
0.6450
0.6173
0.5366
0.7040
0.4936
0.6028
0.4513
0.4475
0.7415
0.4218
0.6699
0.3433
0.4473
1.0000
0.4038
0.7692
0.5368
0.2391
0.2432
0.2982
0.2778
0.7045
0.3600
0.7895
0.1579
0.6987
0.6318
0.4659
0.7414
0.5897
0.6286
0.3600
0.3786
0.5739
0.3656
0.3548
0.6265
0.3799
0.5345
0.5106
0.7555
1.0000
0.3692
0.5804
0.3764
0.7949
0.7222
0.4574
0.2927
0.3770
0.4643
0.2305
0.5909
0.4444
0.6445
0.6131
0.6909
0.5870
0.4036
0.5282
0.6623
0.7143
0.5348
0.4615
0.6032
0.5874
0.5685
0.3724
0.4364
0.3333
0.4754
0.6000
0.4607
0.3769
0.4301
0.4576
0.8306
0.5455
0.5000
0.6909
0.6633
0.5868
0.5311
0.5294
0.5060
0.5357
0.5680
0.5509
0.7071
0.6071
0.6217
0.5946
0.5746
0.4673
0.5938
0.6094
0.5166
0.6220
0.3625
0.5111
0.7667
0.7204
0.7052
0.6012
0.6098
0.5000
0.4688
0.3803
0.5000
0.5926
0.4605
0.6985
0.4153
0.3145
0.4915
0.4677
0.9388
0.4296
0.7000
0.4688
0.2742
0.4947
0.6245
0.5522
0.6897
0.5533
0.4704
0.5273
0.4670
0.4390
0.8905
0.4128
0.5214
0.4596
0.5256
0.4444
0.4310
0.6695
0.6046
0.2566
0.6591
0.5940
0.4186
0.6272
0.2947
0.8578
0.6259
0.5176
0.7333
0.2817
0.5490
0.6404
0.4915
0.5417
0.6333
0.5989
0.6455
0.7811
0.6922
0.7035
0.6035
0.5101
0.4902
0.6788
0.6719
0.4222
0.7054
0.7591
0.4035
0.6389
0.6281
0.8000
0.4211
0.5529
0.3922
0.7694
0.8080
0.6283
0.3304
0.6207
0.5470
0.5393
0.3727
0.7220
0.4127
0.5033
0.4286
0.4634
0.4699
0.6715
0.2951
0.5422
0.7959
0.5152
0.2069
0.4519
0.6182
0.6000
0.5250
0.3478
0.5142
0.5833
0.5376
0.5069
0.4785
0.4963
0.4361
0.4286
0.6187
0.7632
0.7889
0.1864
0.3226
0.3182
0.4220
0.7654
0.2951
0.6603
0.4737
0.5075
0.3203
0.2703
0.5774
1.0000
0.6215
0.6717
0.1765
0.3205
0.4560
0.4746
0.4516
0.4500
0.2862
0.3018
0.2581
0.6849
0.4878
0.6661
0.5935
0.3119
0.3348
0.4552
0.5314
0.5236
0.5500
1.0000
0.3656
0.2829
0.5049
0.2984
0.7683
0.7750
0.6486
0.3750
0.4897
0.5099
0.7500
0.5429
1.0000
0.2500
0.6521
0.7453
0.5462
0.6312
0.4168
0.8277
0.4158
0.6282
0.4808
0.5517
0.7337
0.2857
0.7287
0.5310
0.5985
0.3958
0.5586
1.0000
0.6290
0.4605
0.8750
0.2615
0.6173
0.5072
0.2515
0.9524
0.5536
0.5698
0.5582
0.5417
0.4345
0.6333
0.5564
0.3721
0.5156
0.6800
0.5970
0.6575
0.5301
0.7339
0.3668
0.4922
0.3301
0.3769
0.5943
0.4262
0.5379
0.7542
0.5085
0.3036
0.4086
0.6053
0.4932
0.4603
0.6268
0.5360
0.5709
0.5326
0.4576
0.7071
0.5116
0.6341
0.6851
0.5216
0.5763
0.7361
0.5486
0.4364
0.4457
0.6133
0.4737
0.3380
0.5043
0.3506
0.3182
0.7049
0.1864
0.7612
0.4889
0.4987
0.4098
0.5749
0.5528
0.7738
0.5833
0.6335
0.4634
0.3559
0.4103
0.4143
0.9492
0.4417
0.4328
0.4278
0.6522
0.4324
0.1529
0.3269
0.3226
0.4269
0.4732
0.4523
0.4794
0.5023
0.3913
0.5056
0.4844
0.5606
0.1803
0.4779
0.4247
0.4298
0.4388
0.6186
0.3487
0.5251
0.5165
0.5693
0.5213
0.2154
0.6445
0.4815
0.4729
0.4787
0.5653
0.3600
0.4656
0.5506
0.4444
0.9510
0.5423
0.8020
0.6900
0.5321
0.5111
0.5333
0.8199
0.4909
0.5294
0.4571
0.6778
0.6053
0.3321
0.6078
0.4832
0.4644
0.2886
0.6000
0.3922
0.4091
0.3790
0.2927
0.1818
0.1695
0.4623
0.2706
0.4658
0.4500
0.7703
0.5500
0.6515
0.4007
0.2754
0.6429
0.6263
0.4853
0.5355
0.5955
0.4658
0.3771
0.3516
0.7213
0.6976
0.2800
0.5912
0.7721
0.1859
0.2917
0.3444
0.6087
0.3367
0.5952
0.6035
0.6588
0.6162
0.6076
0.4722
0.4426
0.4270
0.5238
0.4341
0.4674
0.5340
0.5281
0.7774
0.7711
0.4053
0.5434
0.4167
0.5893
0.5724
0.5742
0.5115
0.4999
0.5758
0.5691
0.5701
0.3333
0.3467
0.3953
0.4831
0.5310
0.5896
0.7057
0.6909
0.7566
0.5000
0.5761
0.5417
0.5000
0.5200
0.5366
0.2990
0.2874
0.5179
0.4190
0.4622
0.3148
0.5843
0.5795
0.6580
0.4278
0.3965
0.3939
0.8411
0.4667
0.7828
0.4783
0.4500
0.5179
0.5139
0.5909
0.4444
0.4341
0.5719
0.5702
0.5326
0.5673
0.8507
0.6322
0.6364
0.6000
0.6667
0.5517
0.5312
0.4694
0.5310
0.6314
0.4360
0.3600
0.5603
0.4664
0.6106
0.6197
0.6591
0.7366
0.3616
0.5560
0.5595
0.5362
0.3214
0.3816
0.7980
0.7635
0.6647
0.3875
0.5368
0.8785
0.8485
0.5993
0.6385
0.6186
0.5709
0.6207
0.6159
0.4444
0.4494
0.6091
1.0000
0.4058
0.4123
0.4286
0.4459
0.3802
0.7363
0.3889
0.8494
0.5010
0.6151
0.5784
0.5753
0.2542
0.5438
0.5331
0.5096
0.3293
0.5388
0.6000
0.4643
0.4923
0.6359
0.4784
0.5577
0.6626
0.5571
0.6500
0.6335
0.6232
0.4605
0.2745
0.5714
0.5789
0.6506
0.5672
0.7294
0.2637
0.4355
0.5583
0.3621
0.5694
0.6800
0.6220
0.4528
0.6429
0.5722
0.5149
0.5417
0.7173
0.7000
0.4848
0.4337
0.3793
0.2278
0.6870
0.2102
0.4996
0.1224
0.5818
0.1628
0.4397
0.0930
0.4609
0.4454
0.2903
0.3697
0.2941
0.4430
0.5610
0.3853
0.7286
0.3158
0.7000
0.4426
0.3519
0.4194
0.5743
0.5000
0.4474
0.4583
0.5930
0.3500
0.5925
0.4377
0.6698
0.6260
0.5074
0.6205
0.5123
0.4623
0.7670
0.4327
0.4936
0.5099
0.9478
0.6000
0.3994
0.6071
0.4737
0.5211
0.8165
0.1525
0.6221
0.2931
0.3189
0.0588
0.4375
0.8648
0.2708
0.6648
0.4588
1.0000
0.4016
0.4375
0.4444
0.4167
0.6803
0.5333
0.6798
0.9975
0.2399
0.4561
0.5645
0.6203
0.3421
0.2973
0.4910
0.6437
0.4019
0.6638
0.2826
0.5152
0.5357
0.7647
0.3973
0.5533
0.6500
0.3378
0.5191
0.7546
0.5427
0.4652
0.4837
0.6878
0.4278
0.5482
0.6273
0.7444
0.8834
0.6219
0.6456
0.4085
0.3483
0.5161
0.3408
0.1731
0.7410
0.3659
0.1842
0.2225
1.0000
0.5592
0.6437
0.7756
0.4762
0.5995
0.3766
0.2727
0.5819
0.3922
0.6875
0.2917
0.3917
0.7041
0.6333
0.4931
0.3898
0.9000
0.5162
0.5821
0.5610
0.2800
0.5289
0.6525
0.5119
0.9232
0.5466
0.5507
0.3793
0.5705
0.4926
0.5512
0.5838
0.3178
0.6607
0.4227
0.5802
0.6577
0.2568
0.6000
0.4197
0.4581
0.1739
0.4694
0.4324
0.4853
0.4924
0.6053
0.3036
0.3871
0.5053
0.4067
0.6619
0.6471
0.5960
0.4966
0.2222
0.5104
0.5750
0.4779
0.3226
0.4591
0.6588
0.4074
0.5647
0.5417
0.4778
0.4835
0.4308
0.4583
0.5898
0.4887
0.6909
0.4909
0.3067
0.4493
0.6277
0.6170
0.3750
0.3617
0.6510
0.4464
0.5145
0.2683
0.4494
0.4351
0.6429
0.4368
0.5146
0.3898
0.4643
0.5000
0.5361
0.4557
0.6410
0.6910
0.6447
0.6462
0.5882
0.3333
0.3716
0.6313
0.6000
0.6600
0.5058
0.5050
0.4189
0.4555
0.3804
0.1383
0.4741
0.4087
0.4946
0.6020
0.4014
0.6629
0.4884
0.5215
0.5850
0.7039
0.5350
0.7322
0.4136
0.4205
0.7502
0.3298
0.4661
0.2667
0.8652
0.6278
0.4487
0.2421
0.5564
0.3158
0.3333
0.4048
0.4524
0.2414
0.3640
0.3481
0.3939
0.2593
0.6176
0.4444
0.5863
0.5479
0.4684
0.4627
0.5467
0.5455
0.5778
0.6037
0.7375
0.6912
0.5858
0.5654
0.6486
0.5351
0.3832
0.2872
0.7290
0.5000
0.3840
0.3560
0.7500
0.8883
0.4150
0.4444
0.5163
0.4945
0.8770
0.7273
0.5809
0.3800
0.6912
0.4315
0.6385
0.7253
0.5182
0.3012
0.4615
0.9626
0.4107
0.5181
0.3265
0.3485
0.6389
0.6254
0.6000
0.6308
0.4110
0.5115
0.3730
0.5761
0.3662
0.6722
0.3082
0.4828
0.7341
0.3036
0.5687
0.6774
0.6061
0.4364
0.4500
0.5925
0.4707
0.2703
0.4748
0.2391
0.4065
0.5128
0.5488
0.8740
0.4883
0.5613
0.3010
0.6576
0.5513
0.4167
0.5788
0.5411
0.5662
0.2462
0.8229
0.4572
0.6786
0.8017
0.5979
0.4925
0.5667
0.4902
