0.4000
0.6154
0.2459
0.6096
0.6048
0.3585
0.7664
0.6667
0.3000
0.5345
0.5556
0.3250
0.6923
0.4583
0.6640
0.5714
0.5342
0.6923
0.3793
0.4329
0.7384
0.9900
0.5178
0.4271
0.5191
0.5724
0.7197
0.5295
0.5800
0.5064
0.6724
0.3043
0.5286
0.6364
0.5385
0.4302
0.4861
0.5430
0.6133
0.5948
0.5312
0.3968
0.1176
0.5000
0.6667
0.5639
0.4107
0.6974
0.4300
0.4518
0.6056
0.5729
0.6424
0.3478
0.4028
0.3494
0.5068
0.4667
0.3000
0.4099
0.2133
0.4878
0.6538
0.3478
0.2745
0.6508
0.2051
0.3803
0.4880
0.5263
0.4405
0.0741
0.5000
0.1905
0.5169
0.6116
0.4915
0.4651
0.3996
0.2500
0.6667
0.3808
0.4788
1.0000
0.3067
0.4838
1.0000
0.5526
0.4607
0.5714
0.5458
0.3043
0.4578
0.2623
0.2885
0.3897
0.4226
0.4310
0.7368
0.5500
0.5211
0.2660
0.5815
0.4316
0.4678
0.5625
0.5990
0.7446
0.5800
0.4340
0.6680
0.4838
0.7848
0.6267
0.9799
0.5513
0.3929
0.7586
0.9822
0.5901
0.6296
0.4071
0.4625
0.8596
0.3924
0.5513
0.5000
0.2989
0.4043
0.6265
0.5980
0.3871
0.6500
0.7059
0.3824
0.0612
0.5357
0.2165
0.3591
0.7941
0.3333
0.5441
0.8393
0.6599
0.4800
0.7419
0.7302
0.5703
0.8952
0.2286
0.5053
0.4339
1.0000
0.5285
0.6743
0.2540
0.5122
0.5649
0.7629
0.5357
0.4514
0.4444
0.4247
0.6049
0.5323
0.3632
0.5941
0.5283
0.3182
0.2586
0.4746
0.4348
0.6341
0.5918
0.5238
0.4434
0.3542
0.4074
0.4500
0.5597
0.3312
0.5911
0.6410
0.5388
0.5952
0.3191
0.5751
0.5033
0.2826
0.2975
0.7600
0.3812
0.6595
0.4930
0.6058
0.5382
0.6663
0.2940
0.5701
0.6250
0.4688
0.6667
0.8095
0.6393
0.2480
0.7524
0.8103
0.8730
0.3871
0.5956
0.8022
0.7075
0.7640
0.5217
0.6358
0.9667
0.3953
0.4643
0.6857
0.6977
0.6467
0.3962
0.4655
0.6441
0.3803
0.4506
0.4267
0.5842
0.6042
0.4150
0.5400
0.4703
0.4954
0.6264
0.4010
0.6492
0.4077
0.3976
0.3828
0.3734
0.4032
0.2222
0.3868
0.4260
0.7092
0.5661
0.6096
0.6545
0.5425
0.4450
0.2222
0.4505
0.5179
0.7576
0.3651
0.6443
0.8451
0.4074
0.2889
0.4565
0.3132
0.5104
0.1429
0.3931
0.5708
0.3036
0.6188
0.6000
0.5843
0.6178
0.6364
0.3667
0.3200
0.5053
0.3916
0.3960
0.6683
0.7480
0.3333
0.6990
0.5496
0.7627
0.7103
0.5556
0.7042
0.4627
0.7009
0.7860
0.4720
0.5084
0.2637
0.2864
0.3790
0.4009
0.4762
0.6780
0.3978
0.4471
0.5665
0.3514
0.4848
0.5800
0.8252
0.3125
0.3396
0.6583
0.3750
0.3409
0.5367
0.5965
0.6698
0.3449
0.6053
0.6244
0.2796
0.5781
0.6129
0.8173
0.3355
0.4000
0.5930
0.4906
0.4863
0.5843
0.6824
0.6667
0.2759
0.7222
0.4622
0.3272
0.5709
0.6000
0.6277
0.5273
0.7284
0.4286
0.6327
0.4333
0.4262
0.7719
0.7647
0.5319
0.6949
0.2857
0.6885
0.6587
0.5479
0.5332
0.4775
0.6523
0.9017
0.5164
0.4651
0.6061
0.9474
0.4907
0.6208
0.7594
0.4318
0.5599
0.6000
0.9839
0.4300
0.4237
0.7863
0.5556
0.2830
0.6412
0.3636
0.6136
0.6973
0.4643
0.4913
0.4839
0.7311
0.6275
0.6115
0.2571
0.8852
0.6286
0.5699
0.6410
0.9418
0.3627
0.2063
0.7273
0.2600
0.6647
0.6364
0.2857
0.5484
0.5891
0.3556
0.7107
0.4531
0.4118
0.8182
0.2394
0.4247
0.6190
0.4211
0.5658
0.5634
0.7632
0.5705
0.5530
0.4861
1.0000
0.5379
0.5352
0.6648
0.5119
0.2766
0.6957
0.4018
0.6875
0.7164
0.4125
0.7944
0.4198
0.5444
0.7632
0.4660
0.5610
0.5060
0.4733
0.3996
0.2895
0.3833
0.5345
0.4813
0.2923
0.3345
0.3558
0.4474
0.5751
0.5015
0.6667
0.4055
0.5395
0.4880
0.2825
0.7069
0.4717
0.3200
0.4032
1.0000
0.4248
0.5889
1.0000
0.5351
0.3469
0.4388
0.6040
0.3793
0.7670
0.3929
0.8326
1.0000
0.4815
0.2654
0.4750
0.2449
0.6808
0.8008
0.5324
0.7243
0.7288
1.0000
0.6545
0.0986
0.2456
0.4827
0.6451
0.5602
0.8222
0.5000
0.8974
0.2487
0.4605
0.6455
0.6743
0.4111
0.3917
0.3452
0.2308
0.6073
0.5855
0.3947
0.3060
0.5420
0.3974
0.5000
0.4286
0.4167
0.5745
0.2500
0.4231
0.5724
0.6034
0.7080
0.7391
0.5562
0.2115
0.3986
0.6569
0.6171
0.3060
0.3770
0.3034
0.6266
0.3973
0.8112
0.8043
0.5900
0.5724
0.5412
0.2812
0.4932
0.8900
0.8431
0.2111
0.7125
0.4615
0.7590
0.5146
0.2708
0.6540
0.7536
0.5000
0.5077
0.4314
0.4881
0.5000
0.9242
0.4026
0.3540
0.5800
0.6817
0.4130
0.5159
0.6481
0.5595
0.3778
0.4143
0.5686
0.4062
0.6290
0.6131
0.3497
0.5000
0.7556
0.4321
0.6039
0.6486
0.5625
0.6000
0.5844
0.7198
0.5385
0.7390
0.3246
0.6133
0.4485
0.6050
0.8041
0.2642
0.5542
0.0769
0.5038
0.5127
0.4710
0.7045
0.8421
0.5161
0.1800
0.3077
0.7857
0.2157
0.7140
1.0000
0.6652
0.3649
0.5388
0.5122
0.5600
0.4396
0.5417
0.7647
0.5647
0.2278
0.3429
0.4202
0.5657
0.5843
0.2588
0.5967
0.9524
0.4744
0.5025
0.5580
0.5827
0.4322
0.5385
0.4398
0.5085
0.4946
0.5500
0.5556
0.5470
0.4062
0.1733
0.5709
0.7160
0.5488
0.6429
0.4056
0.5566
0.4762
0.4833
0.8442
0.4146
0.3778
0.6227
0.4583
0.4629
0.5575
0.4872
0.5648
0.5738
0.3556
0.6554
0.0741
0.5548
0.3042
0.3947
0.1892
0.3333
0.5021
0.3963
0.5625
0.3333
0.4028
0.3618
0.5638
0.2353
0.7451
0.3550
0.5837
0.4531
0.3413
0.9182
0.4821
0.3773
0.3821
0.4274
0.9185
0.4590
0.7592
0.6161
0.6269
0.3438
0.6264
0.9211
0.4386
0.4187
0.5412
0.5303
0.5312
0.3842
0.3889
0.6599
0.7101
0.5667
0.6361
0.5122
0.5238
0.1823
0.4203
0.5538
0.6667
0.4583
0.6129
0.6923
0.5263
0.6612
0.5639
0.4961
0.2857
0.5641
0.2171
0.5357
0.4431
0.6515
0.7101
0.6054
0.3000
0.9453
0.5041
0.4286
0.6786
0.4054
0.6582
0.5446
0.6444
0.4032
0.5634
0.5639
0.4792
0.5121
0.6667
0.1304
0.6216
0.3714
0.6914
0.7158
0.6378
0.5510
0.4186
0.7742
0.7273
0.3365
0.4398
0.3900
0.6482
0.5714
0.5676
0.4238
0.5412
0.6235
0.7073
0.4211
0.4513
0.4174
0.4169
0.5897
0.3768
0.7500
0.6429
0.6897
0.5568
0.8323
0.4566
0.4216
0.4405
0.3333
0.6521
0.5261
0.5600
0.5063
0.4429
0.6531
0.4806
0.3503
0.4341
0.6593
0.4702
0.5714
0.0217
0.4227
0.2826
0.4307
0.1471
0.3846
0.2924
0.4944
0.5660
0.5970
0.7273
0.6118
0.4729
0.4671
0.3142
0.3943
0.3684
0.5000
0.5000
0.3673
0.6375
0.7301
0.5644
0.6144
0.4177
0.6129
0.5789
0.6821
0.2067
0.6101
0.7155
0.3059
0.7812
0.5913
0.4756
0.6565
0.5814
0.5809
0.4833
0.3478
0.5694
0.4754
0.6571
0.4783
0.4959
0.6410
0.4369
0.4314
0.1333
0.7523
0.4899
0.2391
0.4154
0.5714
0.5974
0.4864
0.1944
0.4372
0.6562
0.1795
0.3556
0.2971
0.2551
0.1622
0.4575
0.3659
0.4667
0.3416
0.4167
0.4439
0.4857
0.4865
0.2745
0.3333
0.2889
0.5083
0.4271
0.4038
0.5129
0.4754
0.5351
0.3276
0.3673
0.3125
0.5200
0.3032
0.6667
0.6084
0.3632
0.5942
0.5800
0.4909
0.9600
0.4883
0.4643
0.2753
0.5262
0.5439
0.5769
0.7130
0.5858
0.8500
0.7991
0.3409
0.7864
0.5959
0.3008
0.5000
0.5972
0.6717
0.5962
0.3922
0.6637
0.5045
0.4946
0.5192
0.6272
0.6000
0.4195
0.6493
0.5150
0.3851
0.2222
0.4237
0.3877
0.6688
0.4720
0.3333
0.8095
0.3819
0.4821
0.3286
0.3774
0.4667
0.5531
0.5669
0.2764
0.4931
0.2394
0.3333
0.2632
0.5250
0.5163
0.3529
0.7321
0.6579
0.4286
0.6471
0.6478
0.6250
0.4327
0.6591
0.5597
0.4018
0.5082
0.4022
0.4670
0.5123
0.5265
0.3118
0.6112
0.5000
0.3800
0.4390
0.1385
0.9897
0.4020
0.4838
0.4375
0.7065
0.4314
0.4412
0.5882
0.6667
0.4554
1.0000
0.3889
0.4488
0.7609
0.5246
0.3250
0.4186
0.1579
0.1509
0.3834
0.3362
0.4830
0.6923
0.7321
0.5045
0.1220
0.2985
0.5276
0.3514
0.2830
0.0769
0.6323
0.4738
0.5173
0.8488
0.4167
0.4444
0.6125
0.8235
0.6000
0.2963
0.3088
0.7121
0.6814
0.6116
0.1961
0.3600
0.2857
0.5218
0.6759
0.6316
0.3889
0.7176
0.5278
0.6471
0.6080
0.6704
0.4847
0.4710
0.6613
0.4722
0.2000
0.3429
0.8750
0.7602
0.2941
0.6441
0.4606
0.5519
0.6571
0.4800
0.4615
0.4643
0.4402
0.6110
0.8200
0.5422
0.4453
0.4748
0.6311
0.7636
0.6072
0.7283
0.4568
0.4865
0.5714
0.2609
0.5200
0.3618
0.3864
0.7143
0.5563
0.2830
0.4727
0.4839
0.5070
0.5231
0.4737
0.4342
0.6488
0.5094
0.6746
0.5946
0.6561
0.3956
0.4742
0.1795
0.4767
0.4333
0.4783
0.4969
0.5801
0.5000
0.4118
0.6119
0.3442
0.5000
0.4386
0.6723
0.6147
0.5455
0.3056
0.6057
0.6066
0.3125
0.6471
0.4000
0.4873
0.4773
0.6283
0.1786
0.7123
0.3396
0.5310
0.4015
0.4272
1.0000
0.3297
0.2577
0.7407
0.5850
0.7321
0.3686
0.3140
0.4680
0.2750
0.4432
0.4474
0.5745
0.2623
0.4412
0.6816
0.3886
0.7981
0.3600
0.1600
0.6837
0.4432
0.3905
0.5349
0.6246
0.4098
0.4020
0.6615
0.3947
0.5479
0.7000
0.5632
0.6969
0.4660
0.5625
0.6500
0.4588
0.3896
0.3861
0.4118
0.6587
0.5556
0.4213
0.7162
0.5349
0.2895
0.5192
0.4286
0.3519
0.5285
0.4118
0.3897
0.3362
0.5455
0.2347
0.5071
0.5431
0.6164
0.4118
0.5111
0.4054
0.4480
0.5076
0.7554
0.5000
0.7509
0.6523
0.5841
0.6367
0.4579
0.5774
0.3768
0.7613
0.7607
0.4833
0.6786
0.5870
0.7212
0.5501
0.9444
0.6296
0.3333
0.5116
0.2680
0.5806
0.1346
0.4545
0.4881
0.5789
0.4286
0.8261
0.4013
0.2015
0.6376
0.3895
0.6037
0.5455
0.5102
0.8642
0.4545
0.6470
0.4000
0.5400
0.5536
0.5596
0.3958
0.4097
0.2917
0.4559
0.4524
0.7817
0.4255
0.2750
0.5151
0.5191
0.5476
0.2778
0.4902
0.2857
0.4582
0.6494
0.3500
0.6543
0.3797
0.4651
0.2424
0.4400
0.6631
0.4722
0.5366
0.4994
0.5447
0.4074
0.5172
0.6389
0.5909
0.5292
0.7652
0.4944
0.5213
0.5377
0.6197
0.3542
0.3191
0.6905
0.5455
0.4631
0.4287
0.6418
0.2564
0.4068
0.5479
0.5364
0.5385
0.5112
0.5400
0.6465
0.2963
0.5498
0.3780
0.3573
0.7727
0.2593
0.5476
0.4109
0.2222
0.0571
0.0980
0.6475
0.3725
0.6061
0.8627
0.2769
0.5733
0.3962
0.2034
0.7167
0.4198
0.5000
0.3754
0.4706
0.1064
0.2599
0.4064
0.7500
0.2764
0.8077
0.6095
0.6349
0.5294
0.5833
0.6212
0.4286
0.5676
0.5357
0.4600
0.2857
0.4764
0.5200
0.5402
0.5727
1.0000
0.3989
0.4215
0.4706
0.4656
0.4754
0.4815
0.5354
0.9250
0.5641
0.5195
0.5333
0.5240
0.5912
0.4639
0.4704
0.8316
0.5243
0.4699
0.2174
0.4119
0.3364
0.6292
0.5335
0.5172
0.4225
0.9231
0.5337
0.3311
0.4121
0.5917
0.3922
0.5685
0.5527
0.3810
0.4981
0.3103
0.5000
0.1754
0.5354
0.5574
0.5637
0.6480
0.6573
0.3667
0.4425
0.5902
0.2895
0.6410
0.6538
0.3261
0.4357
0.6897
0.4691
0.6125
0.5515
0.8527
0.3312
0.6127
0.6027
0.5357
0.7209
0.5676
0.6279
0.4453
0.3833
0.3333
0.6429
0.7078
0.6784
0.5426
0.4888
0.8521
0.3673
0.7273
0.5231
0.6207
0.6538
0.4865
0.6635
0.1429
0.4361
0.3148
0.4872
0.5416
0.4636
0.4634
0.8451
0.2626
0.3429
0.5589
0.4872
0.5185
0.4403
0.3438
0.4286
0.7105
0.6414
0.6000
0.5570
0.4894
0.6157
0.4938
0.5190
0.6172
0.5682
0.6625
0.8531
0.4111
0.7259
0.6020
0.5435
0.6182
0.5283
0.3684
1.0000
0.3675
0.6203
0.6818
0.7000
0.6087
0.8179
0.6200
0.5556
0.4524
0.1707
0.5606
0.6141
0.2267
0.4398
0.6284
0.3699
0.4579
0.1818
0.3333
0.4717
0.4182
0.6197
0.6040
0.0741
0.4678
0.5075
0.5600
0.3840
0.3243
0.1858
0.3478
0.4915
0.4712
0.5408
0.5766
0.6792
0.7759
0.3557
0.6538
0.6374
0.1667
0.5000
0.6471
0.8276
0.4371
0.4327
0.5725
0.4471
0.5353
0.4054
0.2605
0.5082
0.5364
0.4762
0.1333
0.5575
0.5098
0.4309
0.2812
0.9167
0.3774
0.7149
0.7797
0.5577
0.5943
0.4000
0.3657
0.5800
0.5047
0.4310
0.2951
0.4439
0.4921
0.4241
0.3846
0.7124
0.4449
0.6755
0.4103
0.2674
0.3689
0.4571
0.4021
0.2619
0.5703
0.4355
0.4821
0.7348
0.3632
0.5000
0.4588
0.2000
0.5660
0.6667
0.2286
0.8684
0.8436
0.5421
0.7344
0.7973
0.5000
1.0000
0.5179
0.2861
0.4050
0.5501
0.4053
0.5000
0.8039
0.1944
0.6270
0.5661
0.3246
0.0725
0.5590
0.3404
0.2375
0.2029
0.6143
0.4000
0.5261
0.5580
0.6337
0.6000
0.3990
0.4425
0.6750
0.2361
0.4192
0.4030
0.6558
0.6548
0.8000
0.6415
0.5745
0.3684
0.5667
0.6642
0.6271
0.5119
0.5714
0.4415
0.6092
0.2840
0.6109
0.9316
0.3036
0.5239
0.4955
0.4754
1.0000
0.3725
0.4062
1.0000
0.7517
0.4634
0.1935
0.5480
0.4999
0.3093
0.5022
0.5345
0.5862
0.4446
0.6458
0.4409
0.4863
0.3796
0.5230
0.5875
0.5132
0.6509
0.6172
0.5082
0.2593
0.5111
0.5225
0.3200
0.6559
0.3333
0.5407
0.3247
0.4575
0.4963
0.5104
0.5958
0.4639
0.5823
0.6654
0.6030
0.2744
0.4437
0.8676
0.5476
0.4026
0.5654
0.7947
0.6038
0.7097
0.6555
0.9286
0.4741
0.2358
0.6477
0.4432
0.5556
0.3795
0.4953
0.5255
0.3125
0.4186
0.2273
0.8333
0.6824
0.6562
0.5161
0.4783
0.3594
0.5773
0.5672
0.5676
0.5096
0.6619
0.6871
0.2429
0.5658
0.3652
0.6220
1.0000
1.0000
0.5323
0.2909
0.5488
0.4902
0.6786
0.4185
0.5769
0.3785
0.2789
0.4213
0.6130
0.5938
0.5111
0.6448
0.7097
0.4959
0.6927
0.5667
0.6916
0.4655
0.3929
0.4855
0.4861
0.5527
0.4923
0.6351
0.5074
0.6866
0.8151
0.4271
0.6160
0.6923
0.4279
0.5301
0.6055
0.4216
0.5000
0.4508
0.2804
0.4817
0.4255
0.8750
0.4196
0.4748
0.6374
0.3529
0.5590
0.6860
0.4866
0.3871
0.6086
0.5787
0.1930
0.4991
0.7086
0.3148
0.5083
0.2115
0.4966
0.6451
0.7077
0.2973
0.8168
0.5504
0.8571
0.5905
0.4060
0.6134
0.5441
0.6677
0.2597
0.5325
0.6500
0.5000
0.4219
0.6554
0.6207
0.7549
0.6727
0.6032
0.6624
0.3400
0.5038
0.7235
0.4907
0.5255
0.5602
0.5404
0.3733
0.5463
0.5478
0.3846
0.7712
0.5908
0.4785
0.7058
0.6744
0.4316
0.6063
0.5363
0.7902
0.6723
0.5170
0.8903
0.4640
0.3429
0.6358
0.3973
0.3917
0.5503
0.4169
0.7356
1.0000
0.2941
0.5345
0.3814
0.3623
0.5781
0.4321
0.5421
0.2500
0.4345
0.2837
0.4497
0.4904
0.4286
0.4719
0.4167
0.2660
0.6383
0.3917
0.4189
0.6545
0.5778
0.7009
0.5158
0.5340
0.7639
0.5481
0.5258
0.2737
0.7996
0.5435
0.4632
0.6261
0.2373
0.4120
0.5549
0.8030
0.5992
0.5574
0.3684
0.6435
0.6111
0.5714
0.7962
0.2083
0.5915
0.4786
0.2222
0.6887
0.2917
0.5392
0.5566
0.5431
0.4360
0.6309
0.6431
0.5288
0.4188
0.6377
0.5762
0.5362
0.4659
0.3958
0.4520
0.6857
0.5424
0.6538
0.5539
0.4400
0.3945
0.4593
0.5195
0.6039
0.4461
0.3333
0.4997
0.5306
0.5000
0.4722
0.4746
0.7710
0.4301
0.4862
0.6214
0.6744
0.6132
0.6739
0.7400
0.6120
0.6686
0.4948
0.5714
0.6744
0.5941
0.5102
0.5212
0.3583
0.3864
0.6009
0.2535
0.6271
0.7112
0.5339
0.5772
0.5357
0.5647
0.5085
0.3333
0.6930
0.5254
0.2834
0.4746
0.4937
0.4833
0.5833
0.4890
0.6491
1.0000
0.6546
0.4405
0.4196
0.3405
0.4773
0.3846
0.2500
0.5075
0.4444
0.2949
0.5326
0.3319
0.4800
0.3350
0.4015
0.3980
0.4444
0.2340
0.6818
0.3448
0.4904
0.5184
0.3748
0.5686
0.5714
0.7162
0.6122
0.4516
0.5759
0.3563
0.2547
0.6522
0.6750
0.6239
0.6489
0.6435
0.5186
1.0000
0.5314
0.3932
0.3154
0.6752
0.6118
0.4442
0.5135
0.7100
0.6004
0.8994
0.8025
0.9104
0.6501
0.4008
0.5464
0.2727
0.5102
0.7076
0.4353
0.5887
0.4118
0.5439
0.3615
0.4582
0.5853
0.3168
0.5000
0.5731
0.4330
0.6317
0.2385
0.5625
0.4222
0.5781
0.5455
1.0000
0.5179
0.5660
0.5357
0.4576
0.4462
0.5529
0.2045
0.3882
0.6292
0.6333
0.4820
0.5432
0.5686
0.4464
0.8359
0.5331
0.5238
0.2439
0.6898
0.5081
0.5552
0.3750
0.4489
0.6055
0.5804
0.4744
0.5159
0.4602
0.4196
0.2675
0.6316
0.4341
0.3016
0.5891
0.4797
0.2909
0.5204
0.6639
0.5046
0.6017
0.3810
0.5419
0.5095
0.8000
0.8262
0.4631
0.4725
0.5000
0.4615
0.3906
0.6250
0.5942
0.3830
0.4615
0.5250
0.5000
0.5152
0.6167
0.2000
0.3462
0.4808
0.6452
0.3415
0.4733
0.6739
0.6052
0.6163
0.6364
0.3607
0.5159
0.5708
0.3824
0.3267
0.5694
0.1071
0.6296
0.5455
0.4097
0.4538
0.3200
0.4733
0.4713
0.5187
0.3947
0.2162
0.5588
0.3281
0.4220
0.4693
0.8065
1.0000
0.5000
0.2051
0.6716
0.6000
0.6250
0.5853
0.5600
0.5217
1.0000
0.5833
0.7179
0.4135
0.5582
0.3750
0.6755
0.4815
0.4823
0.4697
0.6926
0.8262
0.3279
0.1961
0.6719
0.4268
0.6193
0.5821
0.5714
0.5135
0.5897
0.7500
0.3288
1.0000
0.6250
0.3636
0.3797
0.8307
0.4247
0.5222
0.4937
0.5756
0.3059
0.5205
0.6447
0.5606
0.5577
0.2267
0.4490
0.5391
0.6529
0.4514
0.5330
0.4836
0.8216
0.7619
0.6042
0.3800
0.5553
0.6164
0.5365
0.6763
0.4915
0.2941
0.6377
0.8586
0.5617
0.6052
0.3860
0.6585
0.5908
0.4366
0.4302
0.5652
0.4318
0.4606
0.4428
0.4696
0.4194
0.5385
0.5600
0.5447
0.4528
0.6071
0.4921
0.4255
0.8047
0.4722
0.5517
0.6006
0.4634
0.6940
0.5486
0.5000
0.4512
0.3870
0.1795
0.4703
0.0893
0.4879
0.4000
0.5583
0.5636
0.4286
0.4857
0.6457
0.6992
0.5977
0.5256
0.6398
0.5152
0.8346
0.6901
0.6769
0.5676
0.4953
0.5690
0.7164
0.1750
0.5715
0.5164
0.6256
0.5819
0.5319
0.5628
0.2333
0.5174
0.4640
0.6250
0.5435
0.5312
0.6993
0.5994
0.7143
0.5340
0.4813
0.3636
0.5352
0.3056
0.5000
0.6817
0.5800
0.7280
0.6301
0.4340
0.4944
0.7429
0.5611
0.4644
0.5135
0.2727
0.3229
0.5560
0.4762
0.3983
0.1455
0.4641
0.2133
0.5862
0.1395
0.1786
0.6164
0.5328
0.6774
0.7099
0.5135
0.6633
0.6290
0.5028
0.4586
0.5588
0.5113
0.5208
0.6056
0.7104
0.3239
0.3478
0.5693
0.5620
0.9353
0.8667
0.4554
0.6727
0.8424
0.5485
0.5116
0.5000
0.6091
0.6533
0.5524
0.6765
0.5228
0.5976
0.7483
0.5802
0.4844
0.5659
0.4000
0.6981
0.4464
0.6210
0.4863
0.4333
0.4667
0.4528
0.5375
0.2857
0.5575
0.4343
0.6628
0.5378
0.4493
0.3375
0.5366
0.4409
0.6095
0.5486
0.5543
0.4444
0.6207
0.5191
0.3021
0.4311
0.6716
0.5492
0.5205
0.6379
0.5088
0.3725
0.2073
0.5911
0.4615
0.5122
0.3908
0.4857
0.4664
0.2222
0.4607
0.5707
0.6701
0.7140
1.0000
0.6349
0.5195
0.4226
0.3899
0.4754
0.6949
0.4264
0.6830
0.3545
0.6774
0.4643
0.6629
0.5293
0.7403
0.4000
0.3280
0.6357
0.6910
0.3570
0.6000
0.3333
0.3659
0.2839
0.3767
0.5764
0.4688
0.5716
0.8916
0.2888
0.4432
0.2837
0.3689
0.4848
0.4997
0.6189
0.4596
0.6250
0.4370
0.4150
0.3387
0.5306
0.5385
0.5586
0.1739
0.6212
0.5275
0.5455
0.6278
0.5714
0.3393
0.6200
0.5190
0.5455
0.4302
0.4635
0.4540
0.5505
0.6716
0.5481
0.6818
0.2568
0.2791
0.6151
0.5200
0.6932
0.6263
0.5251
0.3843
0.9788
0.6415
0.5000
0.7663
0.6488
1.0000
0.4855
0.3571
0.3469
0.7070
0.3920
0.4286
0.7179
0.3847
0.2933
0.9208
0.4182
0.5958
0.4791
0.5811
0.6847
0.5661
0.3736
0.2787
0.4066
0.5563
0.5942
0.7115
0.5317
0.6230
0.4457
0.5082
0.5474
0.6667
0.4776
0.7396
0.1600
0.4395
0.3585
0.4337
0.5426
0.6286
0.5224
0.2600
0.4881
0.5595
0.4777
0.5517
0.4824
0.5140
0.3600
0.7059
0.6148
0.1800
0.6396
0.6850
0.3470
0.8081
0.5484
0.6250
0.6804
0.3148
0.4000
0.5143
0.3382
0.8275
0.3616
0.3056
0.3651
0.5488
0.3333
0.5625
0.4222
0.3065
0.2245
0.7000
0.7125
0.2128
0.6454
0.7963
0.3846
0.4012
0.5584
0.4564
0.3833
0.4252
0.6949
0.5613
0.2833
0.5388
0.3544
0.3889
0.6207
0.6097
0.5439
0.5794
0.5231
0.4419
0.4289
0.2191
0.4180
0.3021
0.4242
0.5316
0.6163
0.7464
0.6905
0.4370
0.4000
0.2525
0.5862
0.3256
0.8000
0.2877
0.6346
0.4118
0.2717
0.2558
0.5000
0.3797
0.5000
0.3072
0.4815
0.2884
0.5083
0.4699
0.6773
0.3901
1.0000
0.7058
0.6405
0.5252
0.5151
0.7859
0.5128
0.5889
0.6111
0.8211
0.7759
0.5000
0.4417
0.6914
0.4251
0.3382
0.6326
0.4868
0.5508
0.4774
0.8659
0.7508
0.4685
0.6602
0.3148
0.5223
0.3131
0.7838
0.3516
0.6165
0.5672
0.5500
0.4109
0.5714
0.5389
0.6154
0.4423
0.7576
0.5377
0.5714
0.3255
0.5686
0.4854
0.3828
0.3333
0.4194
1.0000
0.5833
0.3594
0.4688
0.1549
0.2653
0.0426
0.5714
0.6493
0.3750
0.2838
0.4889
0.5128
0.6067
0.5655
0.6053
0.3897
0.6377
0.3553
0.4688
0.3596
0.6115
0.2160
0.4000
0.5238
0.3333
0.2143
0.5714
0.3455
0.5437
0.3158
0.3824
0.2992
0.5426
0.5303
0.4864
0.3158
0.2941
0.4222
0.6077
0.5278
0.5417
0.6923
0.5962
0.5505
0.4722
0.4464
0.6735
0.4211
0.4531
0.3194
0.5526
0.4444
0.6874
0.8873
0.6458
0.5619
0.4778
0.5325
0.5880
0.4944
0.5678
0.4845
0.7634
0.7627
0.2929
0.5309
0.7949
0.5541
0.6125
0.5647
0.4000
0.3676
1.0000
0.5914
0.5494
0.5263
0.3605
0.5189
0.6047
0.4912
0.7812
0.7906
0.2419
0.4824
0.5116
0.5500
0.5570
0.4865
0.4308
0.5581
0.7368
0.5192
0.5725
0.4178
0.3639
0.3533
0.4692
0.5476
0.4355
0.4709
0.4828
0.4717
0.4784
0.5334
0.5022
0.5579
0.4956
0.3868
0.6471
0.4795
0.3108
0.5455
0.6346
0.4605
0.5187
0.6082
0.6489
0.6207
0.7165
0.5962
0.6556
0.5079
0.6744
0.5821
0.6456
0.5085
0.6353
0.4035
0.4448
0.7568
0.4490
0.4359
0.5166
0.4167
0.6322
0.2915
0.5911
0.6417
0.4232
0.6000
0.2974
0.2333
0.2830
0.4710
0.4237
0.3063
0.6127
0.2586
0.5000
0.4198
0.3222
0.5435
0.2868
0.2368
0.5588
0.4673
0.3636
0.3768
0.2875
0.4349
0.1684
0.4386
0.5588
0.6500
0.7011
0.5117
0.2551
0.5116
0.5084
0.1509
0.2258
0.3153
0.3684
0.6087
0.8700
0.3182
0.4295
0.6385
0.2830
0.7679
0.4421
0.6038
0.5036
0.4444
0.5926
0.5339
1.0000
0.4571
0.3607
0.6379
0.6802
0.4764
0.7496
0.7127
0.3949
0.3850
0.4912
0.7554
0.3409
0.2759
0.3816
0.4585
0.5617
0.2698
0.8047
0.4728
0.5000
0.4882
0.4145
0.4324
0.5911
0.6973
0.3939
0.6418
0.6341
0.3088
0.5395
0.5000
0.6097
0.4593
0.5939
0.5422
0.7211
0.8791
0.4804
0.9513
0.5137
0.2712
0.3667
0.4877
0.2578
0.6319
0.4643
0.7642
0.7941
0.8602
0.8836
0.4667
0.3989
0.2642
0.2794
0.2391
0.5384
0.5594
0.3226
0.6364
0.4179
0.3286
0.5238
0.7188
0.7051
0.5094
0.5000
0.9111
0.6290
0.6071
0.3476
0.1978
0.5158
0.4900
0.5519
0.5000
0.5921
0.3846
0.5621
0.5000
0.4593
0.4796
0.6123
0.6000
0.6564
0.5429
0.5119
0.5381
0.5181
0.6462
0.7241
0.2917
0.5322
0.5949
0.7250
0.5879
0.4490
0.3441
0.9446
0.2762
0.5556
0.4177
0.5969
0.6548
0.7366
0.5239
0.7988
0.5984
0.5604
0.7050
0.4143
0.4192
0.7937
0.5370
0.4326
0.6891
0.7690
0.5983
0.3019
0.4874
0.6129
0.4531
0.5595
0.4973
0.5681
0.3360
0.6923
0.4881
0.3194
0.5254
0.5552
0.5000
0.6468
0.6190
0.6471
0.4560
0.5487
0.5000
0.5316
0.2473
0.5417
0.3647
0.4276
0.7635
0.6022
0.2549
0.5833
0.4038
0.5174
0.3112
0.4545
0.7058
0.6214
0.4565
0.4211
0.5761
0.5981
0.4457
0.5978
0.7465
0.5545
0.6904
0.5430
0.6216
0.4262
0.5853
0.6515
0.5750
0.3971
0.9286
0.6190
0.5966
0.4358
0.5867
0.6094
0.6419
0.5304
0.4930
0.5814
0.3906
0.4698
0.5503
0.3653
0.6063
0.5147
0.6333
0.5556
0.5971
0.4889
0.4091
0.7012
0.3717
0.4832
0.3548
0.4862
0.5227
0.4633
0.3558
0.6727
0.4820
0.2708
0.5699
0.5432
0.5357
0.5543
0.4638
0.6616
0.5469
0.7164
0.5190
0.5039
0.4850
0.3824
0.4211
0.3617
0.3622
0.5595
0.5593
0.4528
0.2647
0.4867
0.4917
0.4130
0.7111
0.3070
0.5298
0.4725
0.5185
0.5382
0.4179
0.2239
0.5122
0.5429
0.3625
0.4691
0.6042
0.6336
0.7453
0.4881
0.6181
0.7183
0.6290
0.7143
0.7347
0.4235
0.3911
0.3182
0.4722
0.5678
0.5400
0.3933
0.3214
0.5556
0.3956
0.8333
0.6137
0.4706
0.8190
0.4507
0.3936
0.8238
0.3125
0.3802
0.3864
0.9256
0.6000
0.7592
0.5897
0.5285
0.9747
0.5089
0.5333
0.4737
0.5603
0.5879
0.0930
0.3970
0.3636
0.4275
0.6964
0.2955
0.5429
0.2308
0.6021
0.4315
0.2760
0.2246
0.4000
0.6407
0.8413
0.5381
0.6469
0.5230
0.3793
0.1500
0.6887
0.3182
0.6354
1.0000
0.5646
0.3924
0.3182
0.4770
0.4762
0.5146
0.2773
0.2778
0.3571
0.2518
0.6809
0.4035
0.5556
0.3333
0.6068
0.4502
0.5745
0.4674
0.3152
0.7729
0.4603
0.6269
0.3667
0.5395
0.5209
0.3651
0.3424
0.5965
0.4554
0.5527
0.5179
0.5889
0.7791
0.2963
0.1636
0.5581
0.3793
0.2963
0.4757
0.4583
0.4865
0.4965
0.3528
0.7720
0.4464
0.4265
0.8225
0.5259
0.6154
0.5495
0.5086
0.5043
0.4146
0.3793
0.4896
0.7202
0.8035
0.4432
0.5080
0.5525
0.6897
0.7429
0.5180
0.7322
0.4643
0.3636
0.7422
0.3617
0.5556
0.9111
0.6362
0.1892
0.8846
0.9091
0.4783
0.5494
0.8818
0.6301
0.7581
0.3712
0.4815
0.3229
0.5797
0.7059
0.4429
0.5203
0.4418
0.5605
0.5002
0.7875
0.6042
0.4222
0.4216
0.4167
0.4861
0.9531
0.5268
0.7094
0.5676
0.4476
0.5176
0.2895
0.5934
0.4118
0.6511
0.7241
0.3148
0.1481
0.5728
0.5351
0.4038
0.5150
0.4635
0.5588
0.4810
0.3977
0.7619
0.5455
0.1975
0.3947
0.5111
0.4060
0.2889
0.5652
0.9455
0.6028
0.4565
0.4146
0.4000
0.4359
0.3379
0.8250
0.6286
0.3333
0.5956
0.3168
0.7489
0.5543
0.5431
0.5711
0.5736
0.2451
0.5177
0.6384
0.6875
0.5060
0.6088
0.7863
0.7097
0.2143
0.3351
0.6579
0.3238
0.7188
0.4194
0.6579
0.4524
0.4597
0.1429
0.6061
0.3889
0.7297
0.4545
0.3947
0.4561
0.2647
0.2056
0.8500
0.5510
0.5200
0.5124
0.4762
0.4138
0.3429
0.7223
0.4977
0.4756
0.4136
0.2740
0.5494
0.4062
0.4667
0.4600
0.5390
0.5029
0.6688
0.6271
0.5225
0.4133
0.6735
0.5046
0.4036
0.5681
0.9070
0.5250
0.6600
0.6125
0.4250
0.4164
0.5292
0.6442
0.6562
0.5139
0.4338
0.5227
0.5405
0.2683
0.3333
0.2928
0.7287
0.5176
0.3483
0.8667
0.5478
0.6667
0.2449
0.4241
0.7519
0.4200
0.5856
0.3274
0.0678
0.4231
0.5589
0.1864
0.4215
0.5098
0.6870
0.4333
0.5639
0.5571
0.3396
0.3009
0.1429
0.4833
0.2833
0.5846
0.2668
0.4186
0.5152
0.6267
0.2857
0.3429
0.2368
0.5600
0.3173
0.5543
0.7119
0.5758
0.3995
0.2703
0.2542
0.5636
0.4271
0.3571
0.4192
0.2222
0.5407
0.6894
0.4255
0.6944
0.6310
0.5953
0.7286
0.2949
0.3502
0.5869
0.7969
0.7688
0.7024
0.4077
0.3922
0.4710
0.7597
0.6629
0.3546
0.5041
0.5455
0.8897
0.4261
0.3571
0.5940
0.6325
0.5208
0.8638
0.4839
0.5795
0.0000
0.9375
0.2857
0.4551
0.2500
0.2725
0.2500
0.6310
0.3597
0.4279
0.3182
0.4531
0.2246
0.2265
0.4891
0.7246
0.4906
0.6261
0.4444
0.2500
0.4658
0.0789
0.6711
0.5484
0.5857
0.4702
0.3636
0.4639
0.2326
0.6097
0.2414
0.6266
0.6951
0.5760
0.4299
0.6462
0.2333
0.5510
0.7743
0.4370
0.6078
0.5417
0.3290
0.7119
0.5162
0.5135
0.4348
0.6327
0.2143
0.6923
0.3478
0.5200
0.5714
0.4348
0.1724
0.3486
0.7294
0.5135
0.4773
0.4242
0.4748
0.4284
0.4394
0.4035
0.5818
0.4655
0.5431
0.4817
0.6373
0.7465
0.3182
0.4756
0.6628
0.5357
0.6560
0.5477
0.7154
0.2424
0.6565
0.6759
0.6121
0.4458
0.6886
0.2449
0.3837
0.5927
0.3521
0.6952
0.5114
0.6001
0.4256
0.5854
0.6390
1.0000
0.2400
0.7492
0.5383
0.5600
0.8710
0.4756
0.9583
0.5714
0.4810
0.2885
0.5941
0.4316
0.4905
0.7248
0.4651
1.0000
0.5167
0.5694
0.7500
0.1343
0.7206
0.5641
0.4709
0.1724
0.7536
0.5272
0.5285
0.5175
0.4304
0.6680
0.5161
0.4889
0.6863
0.3922
0.5575
0.6144
0.6267
0.4711
0.7204
0.4179
0.4146
0.4299
0.4304
0.4167
0.6227
0.3861
0.4839
0.4932
0.5119
0.4388
0.5394
0.6421
0.4641
0.6907
0.9314
0.3587
0.3875
0.3714
0.5294
0.3636
0.2922
0.0882
0.4611
0.3188
0.5294
0.5335
0.5395
0.4028
0.5074
0.3538
0.4342
0.2670
0.5114
0.5497
0.9827
0.4032
0.0290
0.6796
0.3386
0.3030
0.1900
0.4074
0.7976
0.5639
0.4644
0.6196
0.4383
0.3676
0.6111
0.3333
0.5675
0.5000
0.2732
0.4990
0.3757
0.2803
0.4369
0.4203
0.5856
0.8246
0.3256
0.6172
0.6233
0.5637
0.6375
0.5052
0.5273
0.5561
0.4174
0.7614
0.5326
0.3616
0.3443
0.2414
0.4643
0.3056
0.4706
0.4940
0.4907
0.3249
0.9643
0.2222
0.6139
0.3009
0.6667
0.3913
0.4028
0.5606
0.2000
0.1978
0.4959
0.3924
0.4394
0.6145
0.6566
0.7347
0.4348
1.0000
0.7519
0.2871
0.6105
0.2451
0.4093
0.4257
0.7341
0.5224
0.5700
0.5331
0.5798
0.7230
0.5357
0.8827
0.3580
0.4615
0.5220
0.2353
0.3504
0.3850
0.4000
0.5217
0.5474
0.5570
0.5634
0.5726
0.7556
0.6111
0.4464
0.3333
0.6775
0.7059
0.5333
0.3910
0.8777
0.5714
0.2683
0.5668
0.4850
0.1471
0.5946
0.3310
0.5131
0.5765
0.4063
0.3333
0.4726
0.5795
0.3978
0.4682
0.3944
0.6047
0.4865
0.6207
0.3226
0.6723
0.8120
0.4839
0.4012
0.5956
1.0000
0.5366
0.5417
0.5445
0.3647
0.3832
0.5412
0.4737
0.4388
0.3636
0.7174
0.5753
0.4769
0.5633
0.4062
0.5722
0.5097
0.6345
0.6263
0.7586
0.7943
0.6737
1.0000
0.7609
0.2000
0.5000
0.6897
0.3892
0.3488
0.3683
0.3902
0.4097
0.4386
0.4111
0.4478
0.3214
0.4358
0.5294
0.5745
0.1852
0.1875
0.4893
0.3624
0.4750
0.5818
0.4086
0.4608
0.5438
0.7000
0.7421
0.7185
0.3512
0.5000
0.0678
0.3227
0.4894
0.4592
0.3654
0.3636
0.3450
0.3556
0.6434
0.4359
0.4286
0.3579
0.5294
0.2500
0.4074
0.6875
0.6000
0.5542
0.7303
0.6421
0.3269
0.4082
0.7008
0.3457
0.5102
0.5385
0.5377
0.4737
0.2308
0.3294
0.4091
0.4167
0.7049
0.3039
0.4289
0.5379
0.4597
0.6322
0.8719
0.5684
0.5529
0.5641
0.3414
0.8158
0.3638
0.4498
0.5991
0.3200
0.5968
0.6556
0.4950
0.5098
0.6028
0.0000
0.5893
0.5067
0.2727
0.7386
0.1053
0.3462
0.4286
0.8594
0.9077
0.7077
0.1429
0.4250
0.5490
0.4026
0.6250
0.2609
0.4760
0.5241
0.0732
0.2184
0.3889
0.5114
0.4591
0.2308
0.5926
0.4315
0.3750
0.5216
0.1250
0.2278
0.3619
0.7059
0.2400
0.5556
0.4153
0.4750
0.2806
0.2246
0.4416
0.3872
0.7353
0.3034
0.7186
0.2255
0.5899
0.4815
0.5748
0.4422
0.2353
0.4295
0.3889
0.3426
0.3250
0.3478
0.6775
0.3800
0.6100
0.6959
0.6422
0.4137
0.6138
0.6000
0.4270
0.6901
0.5267
0.4596
0.6321
0.5640
0.5195
0.7016
0.8077
0.5802
0.6000
0.3896
0.4273
0.5256
0.4819
0.5985
0.4937
0.4881
0.7348
0.4668
0.3099
0.7442
0.3729
0.3421
1.0000
0.6092
0.5189
0.5000
0.7014
0.5640
0.6308
0.1818
0.6838
0.4348
0.3409
1.0000
0.2464
0.5161
0.6255
0.3421
0.4179
0.5083
0.6042
0.4375
0.5512
0.8186
0.3716
0.6327
0.4612
0.5152
0.4296
0.2121
0.5610
0.6341
0.6357
0.6708
0.5926
0.6975
0.5892
0.6156
0.5778
0.4426
0.4684
0.4691
0.3958
0.7476
0.5724
0.4231
0.5922
0.6790
0.4731
0.8472
0.4384
0.5413
0.9041
0.5425
0.8416
0.5161
0.7188
0.4835
0.6944
0.6068
0.7674
0.4370
0.5326
0.9254
0.1515
0.4744
0.6279
0.5395
0.4368
0.6471
0.4817
0.7178
0.5410
0.6214
0.5172
0.6231
0.6792
0.5291
0.6105
0.3953
0.7231
0.5264
0.5317
0.4776
0.3735
0.4249
0.7440
0.3529
0.3696
0.5102
0.4719
0.6056
0.3913
0.4128
0.3111
0.7500
0.5818
0.6078
0.5321
0.6161
0.5369
0.6246
0.6196
0.6346
0.6174
0.6693
0.6822
0.6795
0.1690
0.5357
0.6005
0.1250
0.2966
0.9600
0.3913
0.4666
0.5556
0.5111
0.7211
0.5577
0.6979
0.5690
0.5088
0.5670
0.5429
0.6087
0.9421
0.5004
0.9054
0.5692
0.4565
0.6875
0.6417
0.3576
0.3824
0.7609
0.4288
0.6872
0.2317
0.4433
0.4449
0.7217
0.6336
0.7377
0.6333
0.6169
0.6226
0.6078
0.5238
0.6250
0.5523
0.5203
0.7537
0.6461
0.4074
0.4629
0.5123
0.4000
0.9697
0.5455
0.3739
0.5452
0.9691
0.3208
0.3656
0.2941
0.6313
0.4766
0.3533
0.4035
0.3365
0.5338
0.4755
0.3435
0.6301
0.5217
0.5517
0.7040
0.5615
0.3438
0.7339
0.7506
0.4677
0.4637
0.3857
0.2712
0.3249
0.4865
0.5854
0.8380
0.5100
0.4049
0.5740
0.6328
0.3722
0.4046
0.4115
0.5111
0.4719
0.3835
0.5732
0.6312
0.5727
0.6138
0.4694
0.4697
0.2222
0.7000
0.3804
0.4333
0.6449
0.3289
0.3854
0.5000
0.1429
0.3810
0.3600
0.3445
0.5105
0.3067
0.5412
0.4510
0.4900
0.6860
0.4861
0.3571
0.5691
0.4146
0.3643
0.8372
0.4838
0.3364
0.7519
0.4382
0.5777
0.5407
0.5649
0.6857
0.5860
0.3088
0.4462
0.5263
0.8893
0.5000
0.5486
0.5219
0.4194
1.0000
0.5410
0.5254
0.6102
0.4232
0.4237
0.6000
0.5601
0.2286
0.6847
0.3731
0.4113
0.7838
0.4211
0.6207
0.5231
0.7791
0.6754
0.6471
0.4634
0.6154
0.8305
0.5238
0.5778
0.4167
0.5484
0.6000
0.6000
0.2208
0.2407
0.6000
0.5533
0.5556
0.4266
0.6667
0.6250
0.7075
0.8148
0.7500
0.7968
0.3409
0.5333
0.5000
0.8826
0.4478
0.4714
0.3037
0.5298
0.5089
0.5601
0.5581
0.5707
0.7719
0.7131
0.3562
0.5676
0.7711
0.5430
0.3548
0.7570
0.5000
0.4516
0.5714
0.7855
0.3434
0.2308
0.5504
0.5093
0.5000
0.7925
0.6750
0.3088
0.5180
0.5833
0.6135
0.6508
0.3571
0.6691
0.4696
0.4014
0.4615
0.6333
0.5252
0.5485
0.4762
0.5169
0.3889
0.5422
0.4669
0.7059
0.3069
0.4582
0.4000
0.6789
0.8644
0.2135
0.4392
0.5455
0.8030
0.6692
0.6491
0.3684
0.4409
0.5789
0.2466
0.3611
0.2565
0.8384
0.5314
0.4527
0.3729
1.0000
0.4286
0.5714
0.5967
0.3909
0.6389
0.6250
0.6572
0.5405
0.8042
0.8263
0.7525
0.6587
0.6573
0.6018
0.8351
0.8221
0.3125
0.5096
0.4937
0.6564
0.5789
0.6991
0.6124
0.8451
0.6892
0.7282
0.6304
0.7674
0.6429
0.5481
0.4272
0.3333
0.5190
0.7190
0.4706
0.3043
0.5566
0.5369
0.1333
0.2872
0.4634
0.1795
0.3857
0.4045
0.3077
0.1778
0.7626
0.5183
0.6207
0.7135
0.4700
0.2083
0.6569
0.6741
0.8651
0.4616
0.4674
0.2451
1.0000
0.6441
0.4386
0.5205
0.5000
0.5690
0.4132
0.7814
0.5998
0.5641
0.4000
0.4615
0.4403
0.5365
0.5907
0.4493
0.4115
0.8718
0.5278
0.6250
0.6094
0.5902
0.5000
0.5512
0.5731
0.7021
0.4620
0.5957
0.6993
0.7277
0.4286
0.3222
0.3682
0.7027
0.5781
0.3247
0.5147
0.4333
0.1944
0.9103
0.1385
0.3288
0.1806
0.6855
0.7923
0.6321
0.3462
0.5851
0.5233
0.7860
0.2750
0.5468
0.5191
0.3533
0.4608
0.3919
0.5479
0.4085
0.4763
0.6029
0.7778
0.5758
0.9145
0.4048
0.4981
0.5000
0.2676
0.5428
0.4058
0.7539
0.7238
0.2586
0.5923
0.6269
0.4224
0.3158
0.1169
0.4979
0.2992
0.5082
0.4868
0.4857
0.4192
0.5747
0.4889
0.5114
0.6032
0.2920
0.7909
0.3636
0.4057
0.9444
0.5143
0.3000
0.5556
0.5702
0.6582
0.3902
0.0714
0.5716
0.3785
0.4542
0.5574
0.9164
0.5233
0.5278
0.3333
0.6356
0.5578
0.5433
0.4512
0.6184
0.6108
0.4056
0.4045
0.4927
0.3411
0.4605
0.6533
0.3380
0.4402
0.4400
0.4583
0.5342
0.8614
0.4679
0.0000
0.4167
0.4347
0.8000
0.5556
0.7272
0.4286
0.4795
0.3929
0.4572
0.4990
0.4000
0.4349
0.6620
0.8390
0.4517
0.7107
0.9423
0.3939
0.6136
0.4394
0.4136
0.8889
0.7186
0.6341
0.6796
0.6934
0.5312
0.4290
0.4492
0.6918
0.5758
0.4644
0.3326
0.3864
0.9545
0.3462
0.6765
0.6970
0.5384
0.3012
0.4054
0.7304
0.8500
0.5098
0.3573
0.2639
0.4791
0.4545
0.5314
0.5600
0.5664
0.5833
1.0000
0.8229
0.6479
0.5129
0.3770
0.5475
0.8938
0.7289
0.4103
0.3531
0.6905
0.9077
0.2889
0.4364
0.3795
0.5305
0.5957
1.0000
1.0000
0.3603
0.2222
0.4886
0.4667
0.4667
0.7232
0.4412
0.4348
0.4643
0.6571
0.8176
0.6094
0.7697
0.7416
0.5175
0.7297
0.1558
0.5106
0.5469
0.5512
0.5000
0.4478
0.5294
0.5263
0.3238
0.6144
0.6190
0.4706
0.2889
0.4789
0.6065
0.4667
0.5574
0.4370
0.6667
0.5566
0.6829
0.2333
0.7500
0.6338
0.4667
0.7021
0.5119
0.5530
0.5322
0.5556
0.5107
0.3855
0.4346
0.3550
0.5625
0.6342
0.4758
0.2970
0.4783
0.4380
0.5068
0.3488
0.4945
0.5556
0.7073
0.5000
0.4028
0.5909
0.4553
0.5725
0.4298
0.5175
0.2817
0.3947
0.4969
0.3818
0.5618
0.6795
0.3317
0.5455
0.7125
0.7195
0.7778
0.4769
0.3636
0.5405
0.6970
0.5570
0.3868
0.6087
0.2407
0.7435
0.6004
0.5764
0.3333
0.5930
0.8526
0.6386
0.5676
0.5494
0.7800
0.5849
0.4231
0.5167
0.4757
0.7660
0.6512
0.9400
0.5455
0.5611
0.4253
0.4891
0.7342
0.4802
0.4667
0.4333
0.4333
0.5396
0.1316
0.4698
0.6667
0.5283
0.4722
0.4167
0.7382
0.6471
0.4581
0.5980
0.5345
0.6465
0.5446
0.5111
0.4971
0.4231
0.4868
0.5885
0.5539
0.7000
0.4650
0.1750
0.6011
0.5317
0.6136
0.6170
0.4151
0.4149
0.1034
0.5333
0.4746
0.4219
0.3699
0.5882
0.3000
0.5429
0.5506
0.6250
0.5460
0.3099
0.3474
0.4662
0.3727
0.5290
0.4907
0.4814
0.3060
0.3832
0.4258
0.6027
0.4384
0.3857
0.7740
0.6533
0.7060
0.5659
0.5177
0.3824
1.0000
0.1233
0.3494
0.8043
0.9156
0.2276
0.9208
0.5000
0.5600
0.5135
0.4000
0.2714
0.4746
0.3559
0.6915
0.4830
0.9259
0.3636
0.2826
0.5000
0.7073
0.5282
0.4941
0.6471
0.5556
0.2826
0.1852
0.2778
0.1828
0.4646
0.5000
0.6410
0.4643
0.7755
0.5349
0.3804
0.6189
0.2877
0.6507
0.2500
0.3730
0.7836
0.6163
0.5651
0.4801
0.4219
0.6791
0.3475
0.2861
0.6667
0.7222
0.5290
0.6026
0.2105
0.3883
0.5484
0.0952
0.2719
0.5486
0.6570
0.5721
0.5392
0.4375
0.3478
0.3714
0.6652
0.6092
0.3925
0.3895
0.6219
0.8636
0.5414
0.7576
0.3804
0.1333
0.3896
0.8824
0.4000
0.4151
0.2069
0.8800
0.5238
0.6189
0.6610
0.4518
0.5859
0.3958
0.3462
0.3000
0.4103
0.5860
0.4005
0.7274
0.3804
0.7234
0.7500
0.7857
0.8485
0.6668
0.7692
0.4177
0.4643
0.4494
0.5185
0.6048
0.4018
0.6005
0.4742
0.6641
0.4754
0.6200
0.9000
0.3529
0.4024
0.3810
0.1739
0.3748
0.4286
0.6306
0.6015
0.2093
0.3478
0.7097
0.2593
0.4505
0.5882
0.3674
0.2082
0.4154
0.1667
0.2000
0.3454
0.4898
0.6554
0.3333
0.5397
0.3135
0.4371
0.3158
0.6520
0.3153
0.1795
0.6007
0.7125
0.4194
0.7829
0.2447
0.4577
0.3636
0.5985
0.6636
0.1026
0.3509
0.3901
0.5000
0.4113
0.3964
0.2174
0.5000
0.3773
0.3479
0.5859
0.8472
0.2571
0.4620
0.2672
0.5580
0.6222
0.3243
0.7520
0.3167
0.4082
0.4171
0.5701
0.7347
0.4286
0.5769
0.2553
0.3636
0.3495
0.5417
0.6519
0.1026
0.5161
0.4126
0.5449
0.6813
0.3527
0.2653
0.4054
0.5673
0.5417
0.6636
0.4653
0.4417
0.2500
0.5691
0.4508
0.6455
0.7340
0.3727
0.4231
0.3802
0.7689
0.3448
0.6001
0.1456
0.7538
0.4951
0.4765
0.5665
0.5958
0.4475
0.5162
0.2436
0.4744
0.1765
0.5787
0.1562
0.4737
0.2432
0.3095
0.3889
0.3788
0.2800
0.3558
0.6667
0.3859
0.5490
0.4201
0.6409
0.3889
0.6325
0.6375
0.5940
0.3858
0.5446
0.4778
0.5867
0.5122
0.3471
0.6924
0.6031
0.6000
0.4096
0.7416
0.6148
0.0455
0.6325
0.4605
0.8934
0.4602
0.3922
0.4442
0.7000
0.5556
0.5500
0.5690
0.6757
0.6773
0.9237
0.3448
0.6373
0.8074
0.4815
0.8718
0.7000
0.5000
0.5875
0.5758
0.5106
0.4000
0.3938
0.5562
0.2609
0.3968
0.8421
0.5684
0.4576
0.8252
0.5556
0.1944
0.7921
0.5882
0.5456
0.2893
0.7500
0.6765
0.7714
0.4402
0.6742
0.5263
0.6696
0.3699
0.3673
0.7817
0.5163
0.4259
0.4615
0.3059
0.6667
0.5183
0.4742
0.7449
0.4321
0.5072
0.3777
0.3382
0.4365
0.5348
0.4803
0.1429
0.5882
0.3621
0.7062
1.0000
0.6205
0.0690
0.3820
0.7230
0.6964
0.5833
0.7452
0.5096
0.2000
0.2619
0.5667
0.6088
0.5074
0.6528
0.3550
0.5945
0.5185
0.4645
0.2267
0.3281
0.3485
0.4250
0.4792
0.3795
0.2563
0.4444
0.4931
0.4225
0.4348
0.2836
0.3948
0.6816
0.5737
0.4524
0.5938
0.5593
0.6780
0.5747
0.8997
0.5225
0.2600
0.4931
0.5235
0.2935
0.4227
0.5647
0.6165
0.6321
0.6047
0.4667
0.7045
0.5930
0.6216
0.4754
0.5702
0.5342
0.5653
0.6339
0.5263
0.7692
0.4286
0.6925
0.5741
0.6292
0.1553
0.7005
0.3880
0.4914
0.5992
0.8506
0.4578
0.4545
0.9753
0.2642
0.4900
0.3000
0.2667
0.2500
0.7321
0.4103
1.0000
0.4013
0.8827
0.2576
0.4634
0.6481
0.3684
0.3000
0.1827
0.4458
0.4716
1.0000
0.2405
0.7500
0.3627
0.5833
0.4545
0.6400
0.3902
0.7289
0.3083
0.6452
0.6667
0.4054
0.4906
0.8202
1.0000
0.6118
0.4141
0.6154
0.4675
0.4906
0.1500
0.6458
0.6097
0.6210
0.5594
0.3117
0.5590
0.2609
0.3833
0.8000
0.9038
0.4444
0.5048
0.4571
0.5895
0.5372
0.7356
0.6875
0.5109
0.6931
0.4085
0.3371
0.7284
0.5895
0.9385
0.5421
0.6209
0.6000
0.4593
0.3740
0.4894
0.3273
0.2381
0.4815
0.4281
0.3732
0.5274
0.6788
0.3889
0.5374
0.3158
0.5333
0.4667
0.4214
0.5312
0.6486
0.5902
0.5369
0.4153
0.2596
0.3333
0.4286
0.5947
0.7242
0.2143
0.6250
0.3158
0.3051
0.6270
0.8102
0.5071
0.5796
0.5020
0.4494
0.5636
0.4676
0.4338
0.5719
0.6279
0.4925
0.3598
0.6491
0.5220
0.2933
0.3594
0.4549
0.3951
0.5037
0.3542
0.5873
0.4714
0.5235
0.7332
0.4223
0.5218
0.4031
0.6705
0.5431
0.4444
0.7794
0.5121
0.3030
0.4699
0.6939
0.3434
0.3592
0.6218
0.5968
0.2456
0.5323
0.7627
0.3740
0.4980
0.3232
0.5457
0.3750
0.8571
0.3550
0.3247
0.4672
0.5385
0.6548
0.5518
0.3966
0.7929
0.3560
0.4468
0.3882
0.6854
0.3309
0.3875
0.5826
0.7062
0.1875
0.4936
0.7653
0.5640
0.7429
0.7828
0.7741
0.6769
0.3889
0.8284
0.5385
0.2771
0.2485
0.3839
0.4631
0.6761
0.5904
0.1967
0.3818
0.6135
0.6948
0.4492
0.4588
0.5851
0.6967
0.4253
0.6756
0.5843
0.5714
0.3719
0.2963
0.5588
0.4118
0.4583
0.7528
0.5135
0.6500
0.5356
0.4375
0.6309
0.4350
0.4259
0.5345
0.3333
0.5426
0.3558
0.2422
0.5955
0.6471
0.2727
0.4286
0.5674
0.5618
0.5814
0.4475
0.5061
0.6923
0.4661
0.5323
0.5840
0.4135
0.4107
0.5893
0.5859
0.5690
0.4722
0.4000
0.4489
0.5401
0.6069
0.5572
0.6857
0.3232
0.6234
0.6667
0.4962
0.7614
0.5244
0.6602
0.4545
0.8667
0.3472
0.6178
0.6623
0.5500
0.3893
0.4470
0.6585
0.6183
0.3790
0.7825
0.5305
0.2308
0.5233
0.8242
0.6667
0.7281
0.3298
0.4878
0.5770
0.3933
0.5066
0.5325
0.6544
0.6333
0.5934
0.5023
0.3917
0.7504
0.4445
0.7828
0.5315
0.5880
0.3933
0.5208
0.5776
0.5053
0.2597
0.3778
0.6562
0.7665
0.1373
0.5076
0.6053
0.7698
0.6030
0.5982
0.5693
0.6429
0.4700
0.5200
0.8333
0.6901
0.6023
0.5315
0.6547
0.5000
0.6006
0.6250
0.6306
0.6476
0.5588
0.4194
0.5500
0.3958
0.3286
0.5549
0.1887
0.4409
0.3684
0.7238
0.8805
0.7941
0.4865
0.6265
0.4533
0.5981
0.3871
0.5098
0.5198
0.3290
0.2083
0.1549
0.4655
0.4738
0.5634
0.2885
0.6708
0.4909
0.2830
0.5897
1.0000
0.5926
0.6522
0.5815
0.3478
0.5991
0.5072
0.4456
0.6125
0.6037
0.5928
0.2411
0.1636
0.5455
0.4737
0.4284
0.4380
0.5266
0.5852
0.6904
0.1935
0.5433
0.3942
0.5836
0.5926
0.7117
0.5795
1.0000
0.5160
0.2708
0.4762
0.4489
0.7317
0.4595
0.3137
0.5684
0.6765
0.5870
0.3969
1.0000
0.5939
0.3333
0.4915
0.2391
0.7174
0.2557
0.5721
0.3750
0.4646
0.2407
0.4505
0.2375
0.7000
0.5115
0.6614
0.4919
0.1429
0.3524
0.6528
0.4098
0.5400
0.3524
0.6593
0.3714
0.4881
0.5443
0.6507
0.5937
0.6099
0.4492
0.6129
0.5669
0.4542
0.5280
0.6172
0.4636
0.4587
0.8750
0.5714
0.9074
0.4255
0.5952
0.4872
0.5919
0.4497
0.6905
0.6580
0.4093
0.6607
0.6460
0.4476
0.6688
0.4444
0.5604
0.4558
1.0000
0.6436
0.4612
0.1739
1.0000
0.8687
0.4815
0.0526
0.8065
0.6776
0.5950
0.5608
0.4697
0.6900
0.4611
0.6000
0.4746
0.5758
0.6667
0.6590
0.7027
0.7420
0.6085
0.4762
0.4333
0.7931
0.5034
0.3600
0.3810
0.6150
0.6105
0.5500
0.4857
0.4400
0.3966
0.6064
0.5909
0.5000
0.8182
0.5164
0.3939
0.5082
0.4286
0.5600
0.3690
0.5311
0.4276
0.3429
0.4842
0.4643
0.4218
0.4311
0.4615
0.5652
0.4149
0.7069
0.4722
0.8689
0.5333
0.5139
0.3220
0.6721
0.6819
0.4741
0.6749
0.4802
0.3396
0.4487
0.7794
0.3788
0.7095
0.6196
0.4174
0.8089
0.4531
0.5094
0.4074
0.5312
0.6008
0.4812
0.2886
0.4413
0.6427
0.6986
0.3433
0.3600
0.4912
0.5000
0.6071
0.3083
0.3807
0.1792
0.3016
0.5092
0.3908
0.3661
0.5569
0.4444
0.4590
0.5263
0.6827
0.5676
0.6298
0.5241
0.6953
0.5147
0.5185
0.4000
0.7741
0.5714
0.5833
0.5287
0.5893
0.5719
0.3333
0.6892
0.3743
0.3853
0.7739
0.4174
0.3056
0.5758
0.3934
0.3874
0.5489
0.3846
0.4828
0.3495
0.4444
0.5263
0.2128
0.4008
0.3333
0.5583
0.5719
0.5000
0.6498
0.5333
0.3933
0.6217
0.9417
0.3857
0.2778
0.2576
0.6667
0.9407
0.3776
0.7610
0.4697
0.3617
0.5041
0.5435
0.5278
0.5555
0.4359
0.3333
0.6176
0.3550
0.5474
0.5733
0.4453
0.1860
0.3158
0.5806
0.4745
0.5183
0.4561
0.5714
0.4690
0.4675
0.4386
0.3539
0.3203
0.5797
0.3182
0.4726
0.5726
0.3378
0.5948
0.6370
0.3583
0.5471
0.6538
0.2400
0.1875
0.5526
0.5696
0.3737
0.4688
0.6154
0.3000
0.7231
0.6154
0.7778
0.5281
0.3918
0.4771
0.4444
0.5139
0.4730
0.7059
0.6938
0.0000
0.3229
0.5019
0.6131
0.4750
0.4640
1.0000
0.6971
0.5909
0.5595
0.4107
0.5396
0.8454
0.3704
0.4412
0.4096
0.6932
0.4661
0.5393
0.5526
0.6092
0.4918
0.6470
0.4985
0.3586
0.4839
0.5814
0.4602
0.2319
0.3896
0.5957
0.3377
0.7710
0.4745
0.3061
0.8652
0.6254
0.4947
0.5967
0.6080
0.5814
0.6207
0.3600
0.5205
0.4217
0.6383
0.5400
0.3415
0.3119
0.1429
1.0000
0.1818
0.4130
0.4097
0.3260
0.1667
0.1765
0.5397
0.6638
0.3165
0.5652
0.8545
0.6714
0.7988
0.5000
0.5345
0.4324
0.7287
0.4655
0.5840
0.5091
0.3469
0.3810
0.5600
0.3704
0.6639
0.5976
0.5846
0.7100
0.6279
0.5571
0.7200
0.6219
0.7182
0.4784
0.5636
0.2264
0.5189
0.4298
0.4262
0.6022
0.5417
0.4545
0.4601
0.5556
0.5752
0.6740
0.4487
0.7333
0.5897
0.5377
0.5577
0.5006
0.4105
0.2295
0.7958
0.3949
0.5057
0.2894
0.4935
0.9120
0.7121
0.4604
0.3793
0.6385
0.5125
0.6245
0.7627
0.8634
0.4924
0.5147
0.5263
0.4107
0.3919
0.3939
0.3438
0.5118
0.6569
0.4967
0.7998
0.4737
0.6226
0.4946
0.6604
0.5815
0.6951
0.5424
0.7111
0.5998
0.7500
0.7879
0.5517
0.6167
0.5058
0.5147
0.7250
0.3812
0.0938
0.6842
0.8289
0.4328
0.6239
0.3182
0.4833
0.4401
0.5833
0.4103
0.5168
0.3621
0.5214
0.3070
0.6548
0.4810
0.8136
0.4750
0.6786
0.6155
0.5397
0.3333
0.5521
0.5094
0.2512
0.4878
0.6804
0.4475
0.9715
0.5981
0.7979
0.6138
0.6222
0.4545
0.5085
0.5709
0.4589
0.5676
0.2600
0.4405
0.3474
0.4167
0.4500
0.7256
0.3871
0.4286
0.2951
0.1558
0.3452
1.0000
0.4436
0.4516
0.4375
0.1719
0.4655
0.4760
0.2083
0.5014
0.1250
0.3385
0.6786
0.4058
0.6111
0.1429
0.2642
0.4828
0.1818
0.4444
0.2564
0.5118
0.4829
0.2785
0.7644
0.6207
0.3444
1.0000
0.5230
0.4573
0.2889
0.5432
0.5010
0.5102
0.5673
0.6845
0.5695
0.5744
0.4915
0.4250
0.6235
0.4993
0.5968
0.6169
0.3922
0.5671
0.3853
0.8564
0.6831
0.5196
0.7045
0.5853
0.4507
0.6818
0.5926
0.3980
0.3895
0.7739
0.1892
0.2632
0.3871
0.4288
0.5441
0.3951
0.1818
0.7000
0.4400
0.4701
0.7353
0.6182
0.3793
0.1667
0.5996
0.7838
0.4814
0.2750
0.8356
0.6429
0.5433
0.5764
0.3161
0.7184
0.8000
0.6096
0.8929
0.3871
0.5622
0.5000
0.5660
0.3147
0.5756
0.8155
0.4855
0.9828
0.5118
0.4444
0.6440
0.3889
0.4609
0.4029
0.3500
0.6726
0.5596
0.3819
0.4967
0.5709
0.4750
0.4250
0.6506
0.5000
0.8623
0.3939
0.4185
0.3721
1.0000
0.7760
0.6434
0.8375
0.1799
0.5471
0.5357
0.4598
0.5460
0.6057
0.4133
0.1964
0.6155
0.3249
0.4612
0.7083
0.8214
1.0000
0.6076
0.3773
0.2581
0.4073
0.5595
0.4835
0.4590
0.3716
0.5193
0.5000
0.3718
0.5026
0.6591
0.3158
0.6454
0.4952
0.4937
0.5994
1.0000
0.5629
0.3649
0.4194
0.7361
0.8175
0.4615
0.5000
0.6763
0.4752
0.5833
0.4907
1.0000
0.6265
0.5348
0.5758
0.7500
0.4696
0.4422
0.5400
0.1786
0.6183
0.7051
0.4112
0.6923
0.3041
0.4911
0.5867
0.5056
0.6224
0.4050
0.4868
0.3600
0.5763
0.5000
0.6591
0.9434
0.5833
0.5000
0.5714
0.7333
0.5000
0.6202
0.5278
0.2436
0.6184
0.4282
0.6146
0.8932
0.4615
0.5147
0.5161
0.1667
0.9880
0.6293
0.4211
0.6250
0.4941
0.2326
0.3983
0.6316
0.7633
0.5851
0.5426
0.6354
0.5793
0.6338
0.6299
0.6667
0.7987
0.4615
0.5505
0.4062
0.6532
0.1600
0.6646
0.4628
0.5469
0.6111
0.5294
0.5637
0.6290
0.4886
0.4784
0.4407
0.6675
0.5556
0.7150
0.6333
0.7439
0.4423
0.5119
0.4747
0.5131
0.4384
0.3976
0.4177
0.1948
0.4717
0.4412
0.4290
0.5932
0.2466
0.8680
0.7805
0.3374
0.3506
0.6484
0.5000
0.6391
0.3052
0.4462
0.6957
0.4694
0.4762
0.5851
0.6161
0.4829
0.3091
0.6696
0.5185
0.6886
0.5873
0.4727
0.4320
0.6308
0.6131
0.5402
0.4971
0.5750
0.8518
0.6309
0.4635
0.4848
0.5767
0.9394
0.2670
0.6063
0.4330
0.5462
0.4896
0.4253
0.3745
0.1042
0.6523
0.6555
0.6022
0.4762
0.4615
0.4025
0.3750
0.3457
0.3091
0.3229
0.3333
0.7457
0.5000
0.5670
0.7871
0.6739
0.5514
0.5290
0.5042
0.6875
0.4758
0.3464
0.2857
0.3632
0.2413
0.5238
0.2857
0.2989
0.4717
0.2381
0.0933
0.6231
0.5285
0.3025
0.3595
0.3092
0.5000
0.4611
0.5124
0.6545
0.5859
0.5088
0.5444
0.4824
0.4380
0.4000
0.5135
0.4217
0.2467
0.6094
0.2963
0.6075
0.7012
0.3647
0.4531
0.4222
0.5610
0.2647
0.9091
0.3290
0.4596
0.4826
0.4057
0.6289
0.6000
0.4096
0.3886
0.5952
0.5196
0.2692
0.1667
0.5685
0.5245
0.5096
0.2500
0.2802
0.4545
0.5559
0.3514
1.0000
0.5167
0.5368
0.3872
0.5821
0.3182
0.3846
0.3840
0.4410
0.4444
0.8000
0.3401
0.4596
0.2889
0.4412
0.3147
0.3651
0.4929
0.4318
0.5893
0.5000
0.2716
0.4396
0.6052
0.6423
0.6667
0.7321
0.4133
0.5000
0.2295
0.4694
0.8333
0.5106
0.5196
0.4091
0.5118
0.5714
0.6338
0.5745
0.7271
0.7179
0.5703
0.6837
0.6274
0.5714
0.7795
0.4250
0.4597
0.7273
0.3077
0.5082
0.5919
0.4881
0.7677
0.7440
0.3613
0.2667
0.6409
0.4578
0.5307
0.6510
0.6489
0.3061
1.0000
0.5366
0.3208
0.5440
0.4444
0.3111
0.7402
0.6604
0.5043
0.4310
0.5973
0.6575
0.3798
0.3353
0.5736
0.4545
0.3896
0.6702
0.4909
0.5455
0.6310
0.4776
0.6786
0.6145
0.6042
0.6905
0.6923
0.1379
0.4079
0.5000
0.2978
0.5603
0.4878
0.2500
0.7654
0.5278
0.4886
0.5405
0.5517
0.4054
0.4913
0.5094
0.3864
1.0000
0.6913
0.5460
0.2662
0.4843
0.7730
0.5270
0.6667
0.4262
0.3864
0.6095
0.7048
0.7055
0.6603
0.8731
0.3162
0.3333
0.6000
0.2468
0.3714
0.5469
0.3462
0.6765
0.5082
0.3405
0.5679
0.4646
0.5127
0.5652
0.3122
0.5266
0.5020
0.4706
0.3939
0.4780
0.5856
0.5347
0.4337
0.2727
0.5035
0.6808
0.6810
0.4596
0.3387
0.4179
0.3099
0.5395
0.6925
0.3779
1.0000
0.7423
0.3371
0.5134
0.6909
0.3582
0.2805
0.5423
0.4729
0.7194
0.5338
0.2970
0.1026
0.8824
0.4487
0.5516
0.3636
0.2755
0.6216
0.3000
0.9219
0.1500
0.5088
0.6097
0.3778
0.4205
0.5128
0.6436
0.6192
0.6389
0.5731
0.4469
0.0455
0.7478
0.4032
0.1250
0.4286
0.9765
0.7822
0.5790
0.6771
0.5015
0.4301
0.5119
0.6649
0.3829
0.7246
0.6237
0.4424
0.5142
0.4082
0.4964
0.5500
0.5570
0.6920
0.5538
0.7812
0.5938
0.3433
0.4948
0.5385
0.6064
0.3797
0.5120
0.4167
0.8061
0.7317
0.5862
0.6742
0.5988
0.7727
0.5278
0.4000
0.2745
0.5692
0.5556
0.5236
0.2308
0.4824
0.5874
0.4270
0.7222
0.3257
0.5720
0.5487
0.5735
0.4797
0.6059
1.0000
0.5366
0.5543
0.4492
0.5909
0.4632
0.3889
0.5556
0.5116
0.4833
0.7306
0.3966
0.3958
0.5879
0.8167
0.4976
0.4813
0.4227
0.2941
0.4913
0.6129
0.6174
0.3451
0.1481
0.6756
0.5851
0.5403
0.5882
0.0741
0.5952
0.3827
0.6154
0.7765
0.6190
0.6583
0.4367
0.5965
0.0606
0.0980
0.6000
0.2000
0.2857
0.6727
0.5000
0.7500
0.3846
0.4524
0.7129
0.6779
0.5455
0.4380
0.7241
0.7027
0.6604
0.5143
0.4130
0.4561
0.4070
0.8780
0.4914
0.5000
0.3571
0.5889
0.7295
0.6769
0.3607
0.4622
0.5409
0.5969
0.2222
0.7568
0.6429
0.5122
1.0000
0.6489
0.5816
0.8286
0.6167
0.5823
0.5000
0.5992
0.6571
0.4286
0.4195
0.3640
0.4100
0.4400
0.3548
0.7252
0.7379
0.6333
0.6667
0.4773
0.5179
0.6000
0.6667
0.5714
0.5581
0.6857
0.3459
0.2895
0.1754
0.6620
0.7891
0.5146
0.3182
0.3148
0.6896
0.5164
0.4500
0.5705
0.7500
0.5224
0.4400
0.6296
0.3529
0.5069
0.5676
0.6154
0.3846
0.5942
0.5667
0.4878
0.4917
0.5556
0.8372
0.2105
0.4667
0.5742
0.2759
0.4828
0.6667
0.5676
0.6159
0.5686
0.5739
0.4482
0.5316
0.5271
0.4986
0.6218
0.4587
0.5282
0.3023
0.6604
0.4471
0.7702
0.5640
0.4667
0.3733
0.6216
0.4817
0.6667
0.6363
0.5455
0.3448
0.3918
0.4031
0.6667
0.4754
0.7554
0.3827
0.5323
0.6137
1.0000
0.9407
0.5918
0.5794
0.4634
0.6337
0.7347
0.5202
0.3944
0.7794
0.8451
0.7332
0.6511
0.4592
0.3322
0.6401
0.5687
0.2690
0.5278
0.4828
0.1852
0.1875
0.6038
0.6362
0.4808
0.5920
0.3659
0.4074
0.3013
0.6145
0.4861
0.3778
0.6620
0.6289
0.5574
0.2340
0.3846
0.7737
0.3673
0.5270
0.1818
0.3455
0.4792
0.6809
0.4915
1.0000
0.2530
0.3846
0.2845
0.5385
0.3922
0.7564
0.8787
0.7027
0.5509
0.1571
0.5571
0.6806
0.6022
0.5366
0.6217
0.6061
0.5977
0.4118
0.6058
0.3736
0.2000
0.3246
0.5969
0.3137
0.4906
0.6042
0.3720
0.3302
0.4400
0.3332
0.3889
0.6454
0.3144
0.4772
0.2917
0.6508
0.3077
0.5469
0.5467
0.5152
0.5882
0.3864
0.6667
0.4811
0.2182
0.4345
0.6008
0.6539
0.4714
0.6728
0.3855
0.5122
0.6456
0.6944
0.4804
0.6221
0.3333
0.5765
0.4340
0.5073
0.7397
0.9320
0.6111
0.5667
0.6056
0.6087
0.6532
0.6881
0.6663
0.3846
0.5528
0.6444
0.7147
0.6222
0.5629
0.5433
0.4642
0.4372
0.6909
0.4062
0.3537
0.4524
0.2308
0.6490
0.3553
0.7742
0.6111
0.6305
0.4565
0.5312
0.6629
0.7869
0.4762
0.3529
0.6316
0.4232
0.9695
0.2059
0.5682
0.9234
0.5152
0.5476
0.4473
0.6061
0.3454
0.9266
0.6400
0.9423
0.2375
0.6061
0.4303
0.5000
0.4848
0.5897
0.8900
0.4048
1.0000
0.4762
0.5000
0.5366
0.8496
0.4034
0.4206
0.5900
0.4335
0.7589
0.4889
0.8333
0.5432
0.6207
0.9553
0.3250
0.6215
0.4862
0.5216
0.3750
0.6532
0.4720
0.6012
0.2121
0.4474
0.6286
0.4509
0.5644
0.7113
0.4788
0.5610
0.5946
0.5510
0.4500
0.6932
0.4146
0.6667
0.8140
0.7727
0.4493
0.5735
0.6441
0.9474
0.5987
0.5893
0.3333
0.6227
0.5220
0.5364
0.7095
0.5875
0.5680
0.5081
0.3441
0.8250
0.5641
0.5254
0.4595
0.6268
0.1746
0.5728
0.5156
0.5419
0.3179
0.7435
0.4222
0.6608
0.3917
0.2353
0.4311
0.3763
0.6305
0.6538
0.4964
0.4764
0.3471
0.5233
0.2733
0.3000
1.0000
0.5467
0.3056
0.3483
0.7470
0.6751
0.7139
0.5823
0.4237
0.5441
0.4925
0.3594
0.5842
0.6842
0.5893
0.5294
0.7589
0.6238
0.6571
0.5233
0.5980
0.5114
0.5632
0.6218
0.4795
0.6604
0.5444
0.4872
0.8369
0.5037
0.6188
0.4182
0.5779
0.7717
0.4286
0.6785
0.3923
0.4388
1.0000
0.4274
0.7805
0.5667
0.1875
0.2432
0.2679
0.4000
0.8421
0.3958
0.6842
0.1579
0.7456
0.6321
0.4756
0.7037
0.6857
0.6296
0.3913
0.4688
0.5219
0.3908
0.3443
0.6682
0.4401
0.5537
0.4651
0.7416
1.0000
0.3898
0.4921
0.3365
0.7692
0.7143
0.4969
0.3421
0.4035
0.5601
0.2931
0.6341
0.4634
0.6637
0.5521
0.6154
0.5116
0.4299
0.5564
0.6255
0.7500
0.5185
0.4615
0.7189
0.6886
0.5978
0.4191
0.4667
0.3469
0.4746
0.6322
0.4780
0.4032
0.5257
0.5142
0.8795
0.5556
0.5429
0.6993
0.6854
0.6634
0.4884
0.5758
0.5292
0.4923
0.5771
0.5996
0.6408
0.6038
0.6442
0.6364
0.5882
0.4253
0.6341
0.6469
0.4687
0.6220
0.3600
0.5245
0.6809
0.6791
0.7011
0.5988
0.5000
0.5263
0.5357
0.4035
0.5000
0.5897
0.4763
0.6544
0.4473
0.3268
0.5088
0.5000
0.8824
0.5181
0.6011
0.5357
0.3103
0.5393
0.6137
0.5833
0.7419
0.5443
0.4277
0.4464
0.4782
0.4390
0.8736
0.4344
0.4937
0.4835
0.5512
0.4400
0.4561
0.6405
0.6295
0.2890
0.6667
0.5259
0.4248
0.5739
0.3077
0.8454
0.6499
0.5517
0.6000
0.3231
0.6078
0.6667
0.4259
0.5078
0.6882
0.6374
0.6659
0.7188
0.7210
0.6667
0.6574
0.4930
0.5063
0.6265
0.5552
0.4464
0.6909
0.6778
0.4118
0.6963
0.6667
0.8081
0.4706
0.6435
0.3667
0.8350
0.7062
0.6459
0.3455
0.5298
0.6053
0.5714
0.3846
0.7129
0.4068
0.5612
0.3819
0.4359
0.4721
0.7073
0.2830
0.5168
0.8444
0.5484
0.2069
0.4344
0.5660
0.6513
0.5500
0.3636
0.5263
0.7429
0.5021
0.5828
0.4920
0.5641
0.4694
0.3958
0.6038
0.7222
0.7244
0.1864
0.3929
0.3333
0.4583
0.7360
0.2373
0.6241
0.4865
0.4772
0.3277
0.3667
0.6853
0.9129
0.7056
0.6644
0.1633
0.2877
0.4745
0.4706
0.4737
0.4362
0.2712
0.3522
0.2500
0.6714
0.4533
0.6911
0.6046
0.3123
0.3023
0.4609
0.5050
0.5023
0.5500
1.0000
0.3441
0.3056
0.5136
0.2950
0.7770
0.7568
0.6183
0.3684
0.4627
0.5208
0.7500
0.4436
1.0000
0.2537
0.6242
0.7714
0.5515
0.5496
0.3859
0.8763
0.3890
0.6026
0.4565
0.5714
0.7969
0.3023
0.6947
0.5054
0.6285
0.4216
0.5577
1.0000
0.5167
0.4571
0.8182
0.2787
0.5721
0.4853
0.2821
1.0000
0.5183
0.6098
0.5695
0.5734
0.4277
0.6247
0.5637
0.2927
0.5719
0.6737
0.6190
0.6618
0.4571
0.7260
0.4000
0.5851
0.3571
0.3907
0.5745
0.4234
0.5917
0.7284
0.5477
0.3061
0.5283
0.6000
0.5000
0.4293
0.5224
0.5462
0.5689
0.5587
0.4635
0.7168
0.5641
0.6769
0.6420
0.5553
0.5766
0.8824
0.5645
0.4912
0.4167
0.6280
0.4848
0.3433
0.5176
0.2940
0.3333
0.7072
0.2414
0.8361
0.4556
0.5377
0.4035
0.6645
0.5664
0.8333
0.3986
0.7165
0.4722
0.3390
0.4595
0.5246
0.8983
0.4907
0.4769
0.4012
0.7619
0.4571
0.0976
0.3269
0.2500
0.5408
0.2941
0.5000
0.4484
0.5643
0.4390
0.4806
0.5167
0.5412
0.1864
0.5299
0.3973
0.4825
0.4375
0.6413
0.3328
0.5493
0.5246
0.6022
0.6239
0.2116
0.6815
0.4808
0.4715
0.5114
0.5698
0.3191
0.4527
0.7532
0.4412
1.0000
0.4429
0.7763
0.7766
0.5609
0.4000
0.5169
0.7920
0.5283
0.6129
0.4338
0.6310
0.5946
0.3134
0.5970
0.4970
0.3706
0.4180
0.5744
0.3036
0.4492
0.3571
0.3421
0.2069
0.2037
0.4706
0.2405
0.5373
0.4500
0.4730
0.5398
0.5621
0.4380
0.3006
0.7184
0.6053
0.5227
0.5439
0.6341
0.4618
0.3819
0.2917
0.7076
0.6040
0.1923
0.4808
0.7281
0.1795
0.3258
0.2533
0.6567
0.3269
0.5833
0.5284
0.4656
0.5935
0.5505
0.4328
0.4259
0.3874
0.5675
0.4601
0.5046
0.5368
0.6049
0.7492
0.7649
0.4249
0.5934
0.3906
0.4253
0.4167
0.4868
0.4808
0.4868
0.6305
0.5345
0.5560
0.3765
0.3333
0.5854
0.5168
0.5655
0.6012
0.7441
0.6783
0.7403
0.6225
0.6136
0.5851
0.5000
0.5200
0.5366
0.3145
0.2434
0.5385
0.3958
0.4842
0.3300
0.6052
0.5322
0.6254
0.4197
0.4081
0.4140
0.6578
0.4764
0.7330
0.3810
0.5000
0.4808
0.5814
0.5000
0.5000
0.3772
0.5870
0.5984
0.5222
0.5587
0.7910
0.6111
0.6364
0.6129
0.8800
0.5862
0.8148
0.4864
0.4994
0.6731
0.3440
0.4045
0.4744
0.3858
0.6078
0.7596
0.5259
0.7716
0.3430
0.5614
0.5766
0.5029
0.3600
0.4444
0.7459
0.7431
0.6626
0.4247
0.5902
0.8989
0.8929
0.7750
0.6574
0.6182
0.5230
0.5632
0.5563
0.4634
0.4598
0.6129
1.0000
0.4429
0.4020
0.4355
0.4583
0.5676
0.8045
0.4219
0.9076
0.5511
0.5556
0.5047
0.5352
0.3148
0.5627
0.5176
0.4345
0.3600
0.5287
0.5357
0.4643
0.5656
0.5655
0.5254
0.5962
0.6833
0.6212
0.6757
0.6707
0.7363
0.4845
0.2857
0.4894
0.6182
0.6122
0.5487
0.5792
0.2642
0.5000
0.5112
0.3750
0.4989
0.6444
0.5599
0.5102
0.5833
0.5789
0.4946
0.6190
0.7371
0.6714
0.6000
0.4484
0.5000
0.2483
0.7228
0.2402
0.3333
0.1224
0.6735
0.1548
0.4425
0.0732
0.4917
0.4430
0.2857
0.4196
0.3095
0.4810
0.6486
0.4178
0.7300
0.3407
0.6211
0.4561
0.3400
0.4425
0.5625
0.4744
0.3846
0.5054
0.6289
0.4010
0.6468
0.2717
0.7128
0.6581
0.4762
0.5956
0.5880
0.4708
0.9207
0.4330
0.4991
0.4674
0.8333
0.6576
0.4219
0.5897
0.5283
0.4648
0.8300
0.1452
0.5244
0.3273
0.3506
0.0625
0.4167
0.9259
0.2747
0.6646
0.4677
1.0000
0.4123
0.5294
0.4186
0.3333
0.5286
0.5714
0.6782
1.0000
0.2289
0.4615
0.6140
0.5844
0.3446
0.2692
0.5107
0.6496
0.4812
0.6481
0.3182
0.5156
0.5185
0.7812
0.4066
0.6301
0.7179
0.3134
0.5029
0.8113
0.5350
0.5470
0.4700
0.6006
0.4253
0.5586
0.5962
0.7752
0.8774
0.6400
0.6653
0.3929
0.3333
0.4375
0.3846
0.1786
0.6767
0.3636
0.1867
0.2174
1.0000
0.5959
0.6375
0.8194
0.4762
0.6364
0.3568
0.2727
0.5917
0.3830
0.7627
0.2879
0.3624
0.7867
0.6657
0.4392
0.4231
0.7541
0.5040
0.6122
0.6468
0.2727
0.5222
0.7126
0.5588
0.8435
0.6174
0.5703
0.3448
0.5329
0.5500
0.5534
0.6225
0.3663
0.6538
0.3964
0.5458
0.6387
0.2676
0.6438
0.4097
0.4853
0.1364
0.4565
0.5312
0.4828
0.4941
0.6389
0.4412
0.3548
0.5281
0.4475
0.5714
0.6471
0.6105
0.5176
0.2857
0.4766
0.5635
0.5111
0.2759
0.4804
0.6582
0.3200
0.5679
0.4964
0.5500
0.5699
0.4672
0.4364
0.5551
0.4938
0.7400
0.5532
0.3242
0.3860
0.5862
0.6667
0.3556
0.3444
0.6868
0.5229
0.5909
0.3250
0.4538
0.5197
0.5859
0.4368
0.4795
0.5091
0.4565
0.5458
0.5801
0.4868
0.5750
0.7012
0.6872
0.6797
0.5517
0.2222
0.4028
0.5909
0.6314
0.5959
0.5472
0.5339
0.3878
0.4172
0.4115
0.1364
0.4216
0.3871
0.4737
0.6205
0.3747
0.6561
0.4621
0.5356
0.6345
0.6853
0.5000
0.6714
0.3468
0.4621
0.7801
0.3883
0.4655
0.2898
0.8182
0.5312
0.3750
0.2848
0.6079
0.3947
0.3556
0.5312
0.5000
0.2593
0.3645
0.4155
0.4138
0.1667
0.6652
0.4302
0.3796
0.5615
0.3913
0.4068
0.5352
0.5429
0.6395
0.6626
0.6709
0.7031
0.5754
0.5073
0.5856
0.4319
0.3786
0.3049
0.7344
0.5000
0.3967
0.3342
0.7098
0.8725
0.4584
0.4386
0.5264
0.4945
0.8584
0.5619
0.6562
0.4545
0.6444
0.3818
0.6214
0.7653
0.5916
0.3026
0.5596
1.0000
0.4510
0.5195
0.3265
0.3548
0.5718
0.5867
0.5556
0.6452
0.4475
0.5260
0.3667
0.5281
0.4091
0.6033
0.3390
0.4727
0.7632
0.3148
0.5962
0.6429
0.5896
0.4902
0.4722
0.6569
0.5070
0.2824
0.5619
0.2727
0.4304
0.4826
0.5526
0.8420
0.5165
0.5655
0.3407
0.7296
0.5333
0.4194
0.5915
0.6119
0.6341
0.2540
0.7083
0.5543
0.7034
0.8202
0.5987
0.4545
0.6786
0.5510
