0.4359
0.6486
0.2321
0.6329
0.6724
0.4510
0.8167
0.7364
0.3559
0.5623
0.6386
0.4000
0.6667
0.5000
0.6106
0.5859
0.5735
0.7568
0.3929
0.4712
0.7395
0.9439
0.5055
0.4500
0.5344
0.5363
0.7578
0.6377
0.6383
0.5293
0.6714
0.3676
0.5779
0.6602
0.5676
0.4000
0.4643
0.5374
0.7186
0.6354
0.5500
0.4098
0.1290
0.5366
0.6000
0.6637
0.4107
0.4247
0.4582
0.4681
0.5441
0.5425
0.6317
0.3810
0.5152
0.4032
0.6103
0.5506
0.3077
0.4171
0.2535
0.5481
0.6275
0.4111
0.2292
0.7059
0.2222
0.3623
0.5299
0.6161
0.5031
0.3077
0.5009
0.1750
0.5663
0.6417
0.5575
0.5280
0.4007
0.3561
0.6860
0.4470
0.5045
1.0000
0.3158
0.5035
1.0000
0.5405
0.5059
0.5278
0.5644
0.3125
0.4684
0.2807
0.3564
0.4219
0.4589
0.4364
0.7407
0.5147
0.5515
0.2727
0.5788
0.4336
0.5542
0.6136
0.6833
0.7455
0.6406
0.4510
0.6277
0.4953
0.7282
0.6116
1.0000
0.5000
0.4231
0.7679
0.9882
0.5909
0.6125
0.4128
0.4267
0.7857
0.4103
0.6604
0.5330
0.4268
0.4565
0.6875
0.7500
0.3793
0.7105
0.7742
0.4403
0.0870
0.5556
0.2174
0.3101
0.8125
0.5000
0.5606
0.8868
0.7673
0.4479
0.7759
0.7352
0.5806
0.8730
0.2305
0.4792
0.4484
1.0000
0.5450
0.6854
0.2667
0.5366
0.7332
0.7902
0.6049
0.5149
0.4400
0.4483
0.7247
0.5739
0.3973
0.7089
0.5000
0.3281
0.2909
0.5229
0.4775
0.5854
0.6000
0.5887
0.4100
0.2899
0.4490
0.5455
0.5908
0.4054
0.6265
0.6579
0.6215
0.6306
0.4184
0.7011
0.5526
0.3232
0.3049
0.6800
0.4407
0.6610
0.4696
0.6117
0.5244
0.6251
0.3476
0.5706
0.5833
0.5161
0.6842
0.8254
0.7198
0.2562
0.7424
0.8720
0.8537
0.3966
0.5635
0.8494
0.7000
0.7924
0.5231
0.6207
0.9912
0.4146
0.4627
0.6680
0.8210
0.6667
0.2885
0.5000
0.6667
0.3333
0.5267
0.5948
0.5994
0.5745
0.4151
0.5778
0.5294
0.4854
0.7445
0.4249
0.7122
0.4876
0.5143
0.3410
0.4905
0.4137
0.1905
0.4437
0.4293
0.7923
0.5636
0.6282
0.6595
0.5784
0.5824
0.2222
0.4845
0.5192
0.7717
0.4167
0.6772
0.8918
0.4151
0.3333
0.4872
0.3030
0.5495
0.1458
0.4255
0.5856
0.2909
0.6239
0.5115
0.6042
0.6023
0.5849
0.3968
0.3333
0.5327
0.4773
0.5143
0.7253
0.6918
0.2581
0.6964
0.6235
0.7515
0.7591
0.5686
0.6761
0.4545
0.8611
0.7615
0.5079
0.5960
0.2584
0.3398
0.3136
0.4563
0.4500
0.6763
0.4286
0.5238
0.5796
0.3219
0.4385
0.5629
0.7692
0.3226
0.3600
0.7483
0.3648
0.3457
0.4848
0.5591
0.6667
0.3103
0.4267
0.4615
0.2841
0.5806
0.6066
0.8374
0.3286
0.4444
0.6184
0.4906
0.5542
0.4826
0.5565
0.6742
0.2892
0.7018
0.4440
0.3370
0.4933
0.5000
0.6333
0.5876
0.6623
0.4846
0.6522
0.3295
0.4171
0.6460
0.7182
0.5217
0.7768
0.2759
0.6833
0.6538
0.5316
0.6046
0.4954
0.6262
0.9068
0.6317
0.4878
0.6216
1.0000
0.5297
0.7024
0.9298
0.5610
0.5013
0.6867
1.0000
0.4708
0.4909
0.8679
0.5882
0.2917
0.5692
0.5283
0.6076
0.6316
0.5000
0.5253
0.4839
0.7793
0.6275
0.6887
0.2812
0.8361
0.6741
0.5718
0.7055
0.9374
0.4394
0.3051
0.7273
0.2826
0.6902
0.6557
0.2265
0.5746
0.5979
0.4268
0.6540
0.5500
0.4435
0.8571
0.2500
0.3881
0.6312
0.4366
0.5946
0.5951
0.8302
0.6283
0.6250
0.5667
1.0000
0.5349
0.5588
0.6548
0.5969
0.3333
0.6957
0.4259
0.5106
0.7015
0.3733
0.8102
0.4785
0.5833
0.7756
0.5089
0.6053
0.5519
0.3723
0.3634
0.2973
0.3793
0.6280
0.4921
0.3607
0.5194
0.3978
0.4324
0.6272
0.5405
0.7632
0.5068
0.5923
0.4937
0.3455
0.8293
0.5200
0.3125
0.3770
1.0000
0.4923
0.5882
1.0000
0.5469
0.3404
0.4115
0.6738
0.3509
0.8114
0.4074
0.8394
1.0000
0.5096
0.2742
0.5417
0.2500
0.6648
0.8740
0.5464
0.7538
0.7679
1.0000
0.8625
0.1912
0.2407
0.4706
0.6147
0.6286
0.8478
0.5200
0.8767
0.2295
0.4730
0.6190
0.7850
0.4405
0.4324
0.3718
0.2714
0.6571
0.6286
0.5085
0.3218
0.6302
0.4429
0.5000
0.4423
0.4974
0.6111
0.2154
0.4375
0.4873
0.6364
0.6282
0.7151
0.6279
0.3333
0.4315
0.7117
0.5718
0.3125
0.4068
0.3816
0.8043
0.4423
0.8665
0.6889
0.5833
0.6177
0.5422
0.3929
0.4812
0.8900
0.8821
0.2045
0.7059
0.5870
0.7537
0.5813
0.2955
0.6804
0.7400
0.5208
0.5447
0.3030
0.5532
0.5614
0.8281
0.4414
0.3803
0.6972
0.7155
0.4368
0.6610
0.6471
0.5904
0.4651
0.4394
0.5714
0.4725
0.6610
0.6684
0.3862
0.5625
0.7021
0.4568
0.7103
0.6460
0.5102
0.6143
0.5662
0.6092
0.4921
0.7273
0.3662
0.7149
0.4725
0.6053
0.8833
0.2857
0.5132
0.0833
0.4719
0.5920
0.5502
0.6988
0.8333
0.5484
0.1915
0.3333
0.9167
0.2500
0.7043
1.0000
0.6429
0.3662
0.5942
0.5250
0.7163
0.4848
0.5909
0.7419
0.6154
0.2338
0.3333
0.4684
0.6050
0.5379
0.3000
0.6600
0.9250
0.4553
0.4898
0.5163
0.6300
0.3987
0.6842
0.4691
0.5546
0.5000
0.5263
0.5882
0.6405
0.4597
0.3347
0.5854
0.6351
0.5409
0.6379
0.3864
0.5595
0.4915
0.4821
0.9315
0.4618
0.3696
0.6150
0.5714
0.5790
0.6364
0.4261
0.5058
0.5690
0.3636
0.8396
0.0784
0.6569
0.3442
0.4444
0.1714
0.4079
0.4918
0.4173
0.5208
0.3784
0.3725
0.4038
0.6093
0.2424
0.7266
0.4271
0.6478
0.4754
0.4107
0.8038
0.5673
0.3763
0.5650
0.5185
0.8769
0.5179
0.7918
0.6964
0.6562
0.3860
0.6979
0.8884
0.5192
0.4403
0.6184
0.5156
0.5500
0.4151
0.4150
0.6845
0.7481
0.6667
0.7174
0.5357
0.6140
0.1966
0.4783
0.5717
0.6978
0.4803
0.6786
0.6667
0.5000
0.6379
0.6083
0.5162
0.2766
0.5526
0.2536
0.6212
0.4847
0.6515
0.6555
0.6224
0.3621
0.9619
0.5225
0.4815
0.7308
0.4706
0.6757
0.5985
0.6911
0.3684
0.5692
0.6173
0.4792
0.5692
0.6818
0.1591
0.6571
0.3906
0.6955
0.8170
0.6226
0.5417
0.3929
0.7419
0.7188
0.3750
0.4675
0.3939
0.6933
0.6271
0.5946
0.4107
0.5918
0.6145
0.7750
0.5315
0.5089
0.4433
0.3980
0.5789
0.4000
0.6722
0.7037
0.6786
0.5542
0.8514
0.5703
0.4697
0.4066
0.3843
0.6702
0.4976
0.6157
0.5132
0.4492
0.6600
0.5109
0.3250
0.4667
0.6629
0.4157
0.4444
0.0500
0.3436
0.4153
0.7051
0.1333
0.3770
0.3735
0.4540
0.5686
0.5938
0.6961
0.7246
0.4365
0.3991
0.3704
0.3611
0.4583
0.5227
0.5610
0.4091
0.6571
0.7078
0.5107
0.6771
0.4583
0.6648
0.6571
0.8240
0.2421
0.6441
0.8125
0.4244
0.7903
0.6072
0.4797
0.6727
0.6441
0.5251
0.4697
0.2955
0.6515
0.5702
0.8065
0.5181
0.4911
0.6316
0.3478
0.5208
0.1724
0.9789
0.4982
0.2558
0.3934
0.5417
0.5587
0.5291
0.1739
0.4462
0.5801
0.2222
0.3902
0.3178
0.2667
0.2121
0.4420
0.5593
0.3912
0.2727
0.5364
0.4505
0.6566
0.5882
0.2925
0.3737
0.3103
0.5271
0.4681
0.4000
0.5295
0.4821
0.5058
0.3636
0.3878
0.3191
0.5625
0.4874
0.7011
0.6433
0.3800
0.6719
0.6915
0.4630
1.0000
0.4580
0.4878
0.3251
0.5000
0.5455
0.6479
0.7143
0.5526
0.8087
0.7990
0.4250
0.7468
0.5883
0.4017
0.5275
0.5829
0.7596
0.6318
0.3750
0.7102
0.5631
0.5172
0.5132
0.6039
0.6042
0.4802
0.6762
0.5000
0.3788
0.1875
0.4286
0.3522
0.6733
0.5466
0.3671
0.8525
0.4438
0.5192
0.3768
0.4082
0.4884
0.5805
0.5280
0.2652
0.5145
0.2500
0.3500
0.3529
0.5789
0.4889
0.3362
0.6034
0.6605
0.5000
0.6875
0.6644
0.7713
0.5047
0.6341
0.7161
0.4764
0.5183
0.4070
0.4955
0.5743
0.6000
0.3516
0.5824
0.6609
0.3673
0.4615
0.1270
0.9857
0.4479
0.3688
0.4836
0.7126
0.3030
0.5763
0.7234
0.6905
0.5663
1.0000
0.3962
0.5249
0.7391
0.4935
0.3944
0.7179
0.1892
0.1569
0.3736
0.3491
0.5578
0.7174
0.7642
0.7006
0.1220
0.3232
0.5716
0.3323
0.2692
0.0833
0.6271
0.5376
0.5959
0.9012
0.4000
0.5556
0.5405
0.8000
0.6471
0.3333
0.3492
0.6429
0.7225
0.6402
0.2245
0.3617
0.3158
0.4259
0.7047
0.6442
0.4400
0.8048
0.6000
0.6400
0.6279
0.7058
0.4887
0.4776
0.7456
0.5347
0.2069
0.3500
0.8621
0.7202
0.3397
0.5915
0.4591
0.5455
0.6585
0.4928
0.4824
0.5357
0.4667
0.8364
0.8051
0.5844
0.3349
0.4500
0.6667
0.7547
0.5861
0.8381
0.4615
0.5429
0.6296
0.2842
0.5686
0.4268
0.5349
0.6780
0.5047
0.3585
0.4364
0.5357
0.5174
0.5469
0.5111
0.4306
0.6674
0.5294
0.6732
0.5714
0.7312
0.4870
0.4912
0.1842
0.5114
0.3298
0.5610
0.5592
0.5307
0.5909
0.4339
0.6885
0.3630
0.5536
0.4702
0.7368
0.6065
0.5758
0.2917
0.5771
0.6910
0.2955
0.6471
0.4286
0.5130
0.5076
0.6038
0.1852
0.7471
0.4235
0.5714
0.4562
0.4718
1.0000
0.3659
0.2790
0.8058
0.6061
0.7358
0.4700
0.3333
0.4265
0.3659
0.4062
0.4444
0.5909
0.2931
0.4706
0.7608
0.4627
0.8074
0.3750
0.1644
0.6820
0.4767
0.4460
0.6033
0.6712
0.4829
0.4322
0.7000
0.4054
0.5522
0.6842
0.5833
0.7043
0.5000
0.6047
0.7368
0.4430
0.4444
0.4035
0.5098
0.7226
0.6136
0.4267
0.7082
0.5185
0.3243
0.5833
0.4255
0.3834
0.5229
0.4062
0.5370
0.4054
0.5312
0.2518
0.5622
0.4851
0.6532
0.4583
0.5469
0.4286
0.3913
0.6452
0.8136
0.5952
0.6808
0.6570
0.5992
0.6628
0.4859
0.5844
0.4330
0.7917
0.7660
0.4576
0.7308
0.5814
0.7245
0.6404
0.9578
0.6046
0.3636
0.5750
0.2581
0.6000
0.1800
0.4848
0.4878
0.6667
0.4231
0.8333
0.3429
0.1694
0.6371
0.3591
0.5808
0.5000
0.5918
0.9006
0.4592
0.6559
0.3846
0.5397
0.5543
0.6017
0.3736
0.4474
0.3333
0.5281
0.4750
0.7179
0.4332
0.2821
0.5481
0.5562
0.4762
0.3019
0.5311
0.3333
0.4374
0.6641
0.4000
0.6548
0.4612
0.5610
0.2188
0.4400
0.6829
0.5294
0.5467
0.4824
0.6068
0.4602
0.5864
0.6571
0.4722
0.5804
0.8242
0.6059
0.5163
0.5001
0.6364
0.3310
0.4318
0.7937
0.5663
0.5013
0.5161
0.7384
0.2763
0.3983
0.4964
0.4904
0.5625
0.6720
0.5510
0.6040
0.2963
0.6220
0.4153
0.3872
0.6939
0.2692
0.5800
0.3990
0.2121
0.0606
0.1020
0.6474
0.4255
0.5976
0.9263
0.2698
0.6552
0.4118
0.1786
0.7290
0.5226
0.5146
0.4028
0.4615
0.1087
0.2635
0.4275
0.6081
0.3846
0.8235
0.6330
0.7109
0.5806
0.6192
0.7240
0.4576
0.5294
0.5301
0.4526
0.2783
0.5455
0.5676
0.5432
0.5924
1.0000
0.4419
0.4310
0.5333
0.4327
0.5614
0.4754
0.6034
0.9825
0.6396
0.5581
0.5797
0.6042
0.6500
0.4677
0.4500
0.9928
0.5773
0.5195
0.2045
0.3732
0.3934
0.6539
0.6190
0.4828
0.5846
0.9600
0.5594
0.3500
0.4521
0.6368
0.3750
0.6321
0.5943
0.4000
0.4817
0.3273
0.5303
0.1887
0.5638
0.5962
0.5195
0.6531
0.6840
0.3494
0.4455
0.5543
0.2899
0.7607
0.7200
0.3556
0.4681
0.6786
0.4744
0.6933
0.5491
0.8091
0.3596
0.6246
0.6358
0.5357
0.7284
0.5399
0.6341
0.4444
0.3889
0.3913
0.6667
0.7104
0.7285
0.4940
0.5867
0.7693
0.4270
0.7273
0.5931
0.6852
0.6800
0.5639
0.6631
0.1429
0.4851
0.2941
0.4248
0.4929
0.4714
0.5422
0.8308
0.2857
0.3433
0.6214
0.4865
0.5778
0.5077
0.4516
0.4044
0.6579
0.7379
0.7111
0.6225
0.5111
0.7015
0.6622
0.5600
0.6613
0.5814
0.8176
0.8998
0.5122
0.6923
0.6211
0.5556
0.6226
0.5269
0.3944
1.0000
0.4580
0.6244
0.7072
0.5708
0.6592
0.7636
0.6531
0.5891
0.4250
0.1892
0.5979
0.5947
0.2254
0.5323
0.7512
0.3478
0.4476
0.2143
0.2549
0.5980
0.4510
0.6111
0.6159
0.3077
0.5423
0.5781
0.5400
0.3781
0.3102
0.1835
0.3385
0.5370
0.4733
0.5270
0.5947
0.7321
0.7330
0.4110
0.6602
0.5714
0.1724
0.5000
0.6471
0.7692
0.4862
0.4563
0.6354
0.5084
0.5000
0.4203
0.2762
0.5494
0.5410
0.4805
0.1786
0.6038
0.5768
0.4375
0.2742
1.0000
0.3958
0.6850
0.9187
0.5577
0.6110
0.4030
0.3824
0.5957
0.4923
0.4364
0.3276
0.5289
0.5194
0.4352
0.3814
0.6496
0.4394
0.6550
0.4868
0.3012
0.3879
0.4167
0.4255
0.2750
0.5417
0.5088
0.5580
0.7955
0.4462
0.5769
0.5238
0.1600
0.5686
0.7143
0.2239
0.9081
0.8710
0.5385
0.7419
0.8451
0.5526
1.0000
0.5000
0.3647
0.4071
0.5567
0.5153
0.5000
0.8167
0.2000
0.6520
0.4994
0.2407
0.1667
0.6190
0.4033
0.2568
0.2424
0.6583
0.3871
0.4905
0.4861
0.5067
0.7333
0.4124
0.4813
0.5517
0.2619
0.4607
0.4932
0.5953
0.6795
0.8750
0.6689
0.6323
0.4236
0.5000
0.6300
0.6184
0.5255
0.6127
0.5562
0.5969
0.3476
0.6512
1.0000
0.4300
0.4082
0.3662
0.5000
1.0000
0.2500
0.5094
1.0000
0.7391
0.4872
0.1833
0.5591
0.5676
0.3116
0.6311
0.6424
0.5789
0.4857
0.6957
0.4615
0.5642
0.3800
0.5396
0.5899
0.3955
0.5405
0.6822
0.5439
0.2800
0.4130
0.6790
0.3830
0.6667
0.3707
0.6211
0.3611
0.5069
0.6486
0.5606
0.6622
0.4740
0.7480
0.6693
0.6331
0.3608
0.4811
0.9158
0.5326
0.3919
0.5539
0.7016
0.6000
0.6441
0.7385
1.0000
0.4118
0.2286
0.6047
0.4603
0.5253
0.3584
0.4963
0.5323
0.3261
0.4353
0.2439
0.7358
0.7013
0.6562
0.5714
0.4545
0.4231
0.5943
0.6902
0.6111
0.5800
0.7209
0.5410
0.2130
0.5678
0.3760
0.6154
1.0000
1.0000
0.5977
0.3200
0.5375
0.5106
0.6962
0.4590
0.6389
0.3851
0.3333
0.4899
0.6928
0.6349
0.5655
0.7297
0.6452
0.4912
0.6780
0.5934
0.7576
0.4561
0.4571
0.4667
0.5761
0.5895
0.4921
0.6648
0.5065
0.7581
0.8287
0.4157
0.6667
0.8433
0.4856
0.5411
0.6055
0.4433
0.5000
0.5533
0.3434
0.5541
0.4773
0.8896
0.4495
0.4220
0.6697
0.3797
0.6667
0.8192
0.3706
0.3500
0.6752
0.5774
0.2075
0.5140
0.7568
0.4116
0.5569
0.2245
0.5851
0.7327
0.7460
0.2917
0.8621
0.5333
0.8665
0.6117
0.3333
0.6330
0.6000
0.7466
0.3333
0.5775
0.7297
0.4950
0.5085
0.6833
0.6369
0.8571
0.5802
0.6882
0.7183
0.5208
0.4876
0.8208
0.4359
0.5225
0.6197
0.5532
0.3913
0.6892
0.5496
0.3846
0.6987
0.6744
0.4451
0.6922
0.7344
0.4239
0.5896
0.6100
0.8942
0.6574
0.5301
0.8267
0.5014
0.3432
0.6555
0.4179
0.3879
0.4453
0.4633
0.7006
1.0000
0.2879
0.5536
0.4877
0.3939
0.6032
0.4932
0.5333
0.2500
0.4671
0.2817
0.5522
0.5143
0.4754
0.6483
0.4386
0.3278
0.7054
0.3874
0.3824
0.6764
0.5278
0.7212
0.5136
0.5380
0.7681
0.5667
0.6204
0.3148
0.7511
0.4457
0.4722
0.6766
0.2727
0.5047
0.5032
0.7727
0.6140
0.5439
0.4167
0.6119
0.6471
0.5294
0.7129
0.2368
0.6458
0.4144
0.2167
0.7903
0.3934
0.5511
0.6171
0.6486
0.5083
0.6225
0.7281
0.4769
0.6316
0.6238
0.6238
0.6418
0.4465
0.4167
0.4279
0.6912
0.6429
0.6373
0.5458
0.4400
0.4063
0.5191
0.5338
0.6528
0.4427
0.3261
0.5473
0.6667
0.5437
0.5588
0.5081
0.7422
0.4824
0.5455
0.6686
0.6339
0.5671
0.6522
0.7255
0.6373
0.6652
0.5263
0.6047
0.6279
0.5979
0.5217
0.5457
0.3772
0.4500
0.6429
0.2206
0.6914
0.5606
0.5700
0.5092
0.5185
0.4917
0.4655
0.4020
0.7201
0.5750
0.2262
0.4211
0.3963
0.6071
0.8125
0.5992
0.7000
1.0000
0.7711
0.4756
0.4370
0.3876
0.4524
0.3871
0.2424
0.4762
0.4571
0.3836
0.5123
0.3646
0.4395
0.5232
0.3737
0.4983
0.6667
0.3043
0.7269
0.3448
0.4630
0.5497
0.4467
0.5918
0.5556
0.7534
0.6535
0.4915
0.6287
0.3355
0.2255
0.6842
0.6178
0.6124
0.6778
0.6279
0.5704
1.0000
0.6271
0.4071
0.4122
0.6335
0.6607
0.4659
0.5588
0.7358
0.6272
0.9119
0.6907
0.8585
0.6196
0.4787
0.5278
0.2951
0.5000
0.7394
0.4744
0.5702
0.4167
0.5842
0.4773
0.4559
0.5998
0.2979
0.4655
0.4729
0.4176
0.6726
0.2250
0.6923
0.4146
0.6667
0.7000
1.0000
0.5414
0.7755
0.5439
0.4250
0.4828
0.7167
0.1860
0.4500
0.5780
0.6270
0.5029
0.6382
0.6667
0.5000
0.9250
0.5167
0.5156
0.2500
0.7225
0.5339
0.6640
0.4286
0.4953
0.5653
0.6067
0.5528
0.4937
0.4688
0.5370
0.2917
0.6250
0.5000
0.3898
0.6589
0.5725
0.3529
0.4907
0.6824
0.5205
0.6036
0.4375
0.6000
0.5626
0.6000
0.8228
0.5777
0.4419
0.5292
0.4646
0.4098
0.6364
0.7029
0.3810
0.5500
0.5455
0.4062
0.5625
0.5714
0.2143
0.3595
0.4688
0.6552
0.3846
0.4797
0.6444
0.6292
0.8547
0.6737
0.3750
0.6383
0.7451
0.4375
0.3116
0.4524
0.1250
0.5385
0.5806
0.4353
0.4909
0.3187
0.4963
0.5085
0.5889
0.3429
0.2353
0.5667
0.2938
0.4450
0.5135
0.8214
1.0000
0.5000
0.1892
0.7188
0.5556
0.5926
0.6225
0.5646
0.5172
1.0000
0.7059
0.7723
0.4479
0.5548
0.3778
0.6560
0.4615
0.4685
0.4857
0.6774
0.8371
0.3607
0.2041
0.6000
0.4079
0.7683
0.6452
0.7059
0.6471
0.4722
0.7778
0.3478
0.9517
0.6250
0.4703
0.3510
0.8000
0.4853
0.5455
0.5132
0.6733
0.3603
0.5139
0.6857
0.5806
0.5400
0.2192
0.5061
0.5175
0.6708
0.4976
0.5506
0.5000
0.8750
0.8455
0.6087
0.3895
0.6471
0.6745
0.5588
0.5882
0.4737
0.3125
0.6667
0.7500
0.6000
0.5455
0.4074
0.5754
0.6543
0.4293
0.4125
0.5455
0.4634
0.4256
0.4636
0.4695
0.3929
0.6103
0.5200
0.5486
0.4898
0.6316
0.5212
0.4565
0.8115
0.5000
0.6133
0.5893
0.4474
0.7339
0.5297
0.5909
0.4838
0.4265
0.1842
0.5042
0.0769
0.5364
0.4048
0.6294
0.6154
0.5472
0.4722
0.6510
0.7193
0.6420
0.5128
0.5690
0.5104
0.6997
0.6966
0.6667
0.7647
0.5288
0.6667
0.7077
0.2000
0.5357
0.4970
0.7029
0.6235
0.5000
0.6575
0.2759
0.4886
0.5079
0.6667
0.5952
0.5690
0.6923
0.6494
0.6875
0.5213
0.4841
0.4394
0.5261
0.3429
0.4875
0.6620
0.5638
0.7473
0.6324
0.4923
0.5322
0.7812
0.6034
0.3721
0.5143
0.3500
0.3285
0.5935
0.4000
0.4352
0.1887
0.3469
0.2754
0.6667
0.1500
0.1852
0.5868
0.6191
0.7503
0.7008
0.5059
0.6417
0.6505
0.5114
0.4851
0.5938
0.5128
0.5556
0.6375
0.8351
0.3529
0.3333
0.6615
0.5517
0.9839
0.8462
0.5433
0.7857
0.9167
0.5785
0.5357
0.4062
0.6038
0.5972
0.5646
0.4946
0.5407
0.5792
0.7801
0.6234
0.4539
0.6538
0.4722
0.6723
0.4717
0.7057
0.5745
0.4667
0.4211
0.4717
0.6371
0.3333
0.5919
0.5104
0.7846
0.4200
0.4444
0.3836
0.6000
0.5556
0.6071
0.5741
0.5238
0.4808
0.6604
0.6573
0.4143
0.4448
0.6473
0.7083
0.6623
0.6786
0.5587
0.4082
0.2857
0.6693
0.4898
0.4750
0.4198
0.5101
0.5490
0.2222
0.5016
0.6389
0.7759
0.7360
1.0000
0.6062
0.5364
0.4610
0.4569
0.4912
0.7245
0.4553
0.6531
0.3543
0.6040
0.5110
0.6405
0.5717
0.5877
0.2857
0.2991
0.6835
0.6804
0.3405
0.5200
0.3628
0.4231
0.3269
0.3906
0.5312
0.5625
0.6056
0.7857
0.3438
0.4824
0.2949
0.3824
0.5758
0.5683
0.6777
0.4684
0.6000
0.5299
0.4565
0.3833
0.5899
0.5156
0.6091
0.1860
0.7031
0.5556
0.6000
0.7532
0.5913
0.3585
0.4898
0.4935
0.5556
0.4771
0.4376
0.5891
0.5699
0.6667
0.4898
0.6591
0.2245
0.3250
0.7000
0.5000
0.6585
0.7328
0.5379
0.3560
1.0000
0.6834
0.5172
0.6083
0.6279
0.9000
0.5433
0.3704
0.4140
0.7454
0.4148
0.4000
0.7000
0.5943
0.2843
0.9479
0.4016
0.6830
0.5590
0.5857
0.6526
0.7197
0.3488
0.3898
0.4471
0.6042
0.5882
0.7600
0.6534
0.6250
0.5714
0.5254
0.4694
0.6883
0.4868
0.7097
0.1818
0.4526
0.3910
0.4375
0.5317
0.6520
0.5385
0.4740
0.5119
0.5823
0.4860
0.5536
0.5170
0.6551
0.3471
0.7143
0.6434
0.2326
0.6972
0.7101
0.4071
0.8280
0.5543
0.6154
0.6705
0.3333
0.3600
0.4909
0.3433
0.8185
0.4507
0.3333
0.4231
0.5819
0.2759
0.5921
0.3590
0.2951
0.2041
0.6000
0.7143
0.2222
0.5970
0.7500
0.4167
0.5714
0.7867
0.5147
0.3559
0.4321
0.6786
0.5873
0.3509
0.5448
0.3803
0.4545
0.6667
0.5820
0.6062
0.6676
0.5499
0.4750
0.4360
0.2384
0.4224
0.3182
0.4590
0.5179
0.6347
0.7206
0.6750
0.4372
0.4412
0.5263
0.5988
0.3543
0.9032
0.3194
0.6079
0.4545
0.2360
0.2750
0.4839
0.5298
0.4894
0.4568
0.4706
0.3214
0.5526
0.5355
0.6509
0.3988
0.9876
0.6542
0.7050
0.5296
0.5068
0.8306
0.5008
0.6125
0.6190
0.8963
0.8000
0.5278
0.6959
0.6859
0.4903
0.3443
0.6225
0.4884
0.6255
0.4122
0.7922
0.7830
0.6364
0.7155
0.3062
0.4914
0.3516
0.8585
0.3406
0.5450
0.5606
0.5500
0.4428
0.5588
0.5018
0.5844
0.4290
0.7143
0.4130
0.6000
0.3458
0.5991
0.5000
0.4242
0.3145
0.3933
1.0000
0.6977
0.3710
0.6006
0.4318
0.3958
0.1163
0.4444
0.7270
0.3784
0.2985
0.4773
0.5229
0.7644
0.6071
0.6438
0.4302
0.5672
0.4225
0.4516
0.3000
0.6595
0.1493
0.4211
0.6571
0.3455
0.3333
1.0000
0.3208
0.5833
0.4118
0.4242
0.3614
0.5391
0.5137
0.5348
0.3333
0.3571
0.4048
0.6949
0.6000
0.6667
0.7273
0.6500
0.5758
0.4571
0.4412
0.7826
0.5591
0.5345
0.3143
0.6471
0.4928
0.7544
0.7500
0.7214
0.5960
0.4933
0.5500
0.6538
0.5591
0.5735
0.4727
0.7314
0.7650
0.2746
0.6788
0.8310
0.6418
0.6028
0.6529
0.4211
0.4923
1.0000
0.5948
0.5696
0.6250
0.3537
0.5352
0.7375
0.5294
0.7922
0.8046
0.2500
0.5105
0.5273
0.6611
0.5660
0.5714
0.4262
0.5500
0.8750
0.5591
0.6246
0.4521
0.3900
0.3980
0.4848
0.5919
0.5117
0.5306
0.5185
0.3269
0.5266
0.5481
0.5822
0.6072
0.5086
0.4200
0.6818
0.4591
0.2877
0.5333
0.8039
0.4533
0.5534
0.6429
0.6377
0.6825
0.7830
0.6250
0.7330
0.5089
0.8023
0.5667
0.7141
0.5774
0.6282
0.4386
0.4265
0.6865
0.4792
0.4868
0.6748
0.5854
0.5529
0.2822
0.6187
0.7250
0.4366
0.6536
0.5451
0.2543
0.2692
0.6094
0.4464
0.3235
0.6289
0.3269
0.5463
0.4449
0.3465
0.5366
0.3205
0.2432
0.5484
0.6533
0.4062
0.4031
0.3352
0.5388
0.1815
0.5000
0.5625
0.6667
0.6937
0.5233
0.2952
0.5750
0.6107
0.1569
0.1613
0.3153
0.4945
0.7250
0.9149
0.6310
0.5321
0.5866
0.2941
0.5982
0.4556
0.6969
0.6080
0.4771
0.6197
0.5148
0.9822
0.5484
0.5439
0.6786
0.6782
0.4712
0.9085
0.7483
0.4576
0.5000
0.4907
0.7802
0.3415
0.2778
0.5017
0.4389
0.5571
0.2931
0.7561
0.4775
0.5227
0.5000
0.3886
0.4722
0.6034
0.6635
0.4333
0.6171
0.7105
0.6129
0.5541
0.5306
0.6477
0.4611
0.7686
0.6429
0.7222
0.8217
0.6970
0.8867
0.5602
0.2768
0.3909
0.5281
0.2807
0.6923
0.4902
0.7677
0.6944
0.7400
0.8462
0.4103
0.3889
0.2308
0.3030
0.2222
0.6479
0.5137
0.3333
0.6364
0.4048
0.3478
0.5122
0.6737
0.7162
0.5490
0.5714
0.9048
0.6500
0.5862
0.3571
0.2146
0.6250
0.5000
0.6210
0.6047
0.5737
0.4587
0.5906
0.5283
0.4443
0.4975
0.6607
0.6279
0.7011
0.6364
0.5584
0.5556
0.5042
0.6780
0.7535
0.3333
0.6410
0.5888
0.6500
0.5515
0.4776
0.3958
0.8962
0.2800
0.5600
0.4458
0.7100
0.6453
0.7515
0.5209
0.8421
0.5968
0.6033
0.7268
0.5179
0.4777
0.8197
0.5769
0.5460
0.6702
0.9228
0.6250
0.4167
0.4966
0.7857
0.4915
0.5443
0.5152
0.6304
0.3361
0.6118
0.5875
0.3699
0.5593
0.6022
0.5385
0.6944
0.5750
0.6333
0.4935
0.5345
0.5185
0.5390
0.2500
0.6218
0.3671
0.4643
0.7414
0.6090
0.2766
0.7059
0.4038
0.5856
0.3466
0.4762
0.6396
0.6495
0.4831
0.5405
0.6320
0.6624
0.4289
0.5674
0.7112
0.5798
0.5985
0.5965
0.6156
0.4454
0.5597
0.7097
0.5982
0.5000
0.9167
0.6000
0.6517
0.4569
0.6618
0.6292
0.6338
0.6543
0.5527
0.6303
0.5333
0.4184
0.5812
0.3125
0.5695
0.6452
0.7222
0.6000
0.5179
0.6098
0.4286
0.7195
0.3814
0.4872
0.3226
0.4904
0.5569
0.5182
0.4048
0.7167
0.5554
0.3750
0.5781
0.5000
0.5435
0.5918
0.4559
0.6406
0.5374
0.7600
0.5065
0.4876
0.5806
0.3701
0.4875
0.4065
0.4565
0.5696
0.6696
0.4867
0.2540
0.4587
0.5085
0.4567
0.7181
0.2973
0.5330
0.5156
0.5063
0.6102
0.4625
0.2540
0.5325
0.5303
0.4344
0.5067
0.6364
0.6682
0.7383
0.5063
0.7163
0.6757
0.6500
0.6990
0.7347
0.4524
0.3662
0.3256
0.5152
0.5806
0.5957
0.3985
0.3462
0.5758
0.3563
0.7966
0.6556
0.3788
0.8148
0.5152
0.4911
0.8105
0.3571
0.4386
0.4100
0.9419
0.6226
0.7903
0.6301
0.5439
0.9455
0.5189
0.5157
0.4474
0.5112
0.6324
0.0976
0.3957
0.3659
0.5057
0.7003
0.3333
0.5431
0.2308
0.6250
0.4859
0.3375
0.2045
0.3115
0.5730
0.8167
0.5086
0.6405
0.5389
0.4038
0.1579
0.6510
0.2500
0.5758
1.0000
0.6652
0.3766
0.3182
0.5412
0.4500
0.6143
0.3131
0.2727
0.3417
0.2469
0.7209
0.4875
0.5463
0.4091
0.6325
0.5424
0.5957
0.5054
0.2841
0.8030
0.5000
0.6774
0.3494
0.5957
0.6719
0.3793
0.3462
0.5664
0.4792
0.5943
0.6478
0.7172
0.7765
0.3235
0.1765
0.5667
0.3951
0.3107
0.4796
0.4952
0.5385
0.5667
0.3784
0.7971
0.4760
0.4780
0.8407
0.5417
0.6220
0.5569
0.5586
0.4912
0.4250
0.4138
0.5110
0.6772
0.8695
0.4535
0.5590
0.5421
0.7500
0.7377
0.5844
0.6588
0.5000
0.5283
0.6148
0.4286
0.5882
0.9302
0.7872
0.2059
0.8039
0.9630
0.3913
0.5733
0.8889
0.6216
0.6734
0.4375
0.5384
0.4222
0.5224
0.7015
0.4265
0.5671
0.4265
0.5664
0.6252
0.7820
0.6170
0.4651
0.4949
0.4697
0.4706
0.9500
0.6167
0.7201
0.5915
0.5000
0.5907
0.3158
0.5440
0.4030
0.7689
0.7778
0.3600
0.1837
0.5853
0.5449
0.4375
0.5102
0.4785
0.5692
0.4750
0.3846
0.7500
0.5806
0.2800
0.4054
0.4881
0.5047
0.2903
0.5909
1.0000
0.6364
0.4348
0.4500
0.4508
0.4167
0.3000
0.8421
0.6768
0.3571
0.6458
0.5000
0.6338
0.5930
0.5821
0.6107
0.5354
0.2959
0.6591
0.6690
0.8000
0.5291
0.6631
0.9057
0.7115
0.2857
0.5658
0.6579
0.4032
0.7727
0.3667
0.5946
0.5000
0.4667
0.1915
0.6250
0.4110
0.7589
0.4615
0.4000
0.4906
0.2708
0.2376
0.6923
0.6098
0.5297
0.4779
0.4737
0.4364
0.3714
0.7478
0.5023
0.4750
0.4110
0.3635
0.7308
0.5333
0.5510
0.4541
0.6764
0.5655
0.6812
0.6667
0.5765
0.4225
0.6522
0.5098
0.4103
0.6703
0.9059
0.4474
0.6811
0.8052
0.4000
0.4815
0.4990
0.5935
0.6393
0.5000
0.4462
0.5412
0.5758
0.2500
0.3214
0.3044
0.6417
0.5390
0.3444
0.9545
0.5687
0.6750
0.2340
0.4130
0.7202
0.4792
0.6008
0.4398
0.1207
0.4231
0.5928
0.1964
0.5094
0.5522
0.6760
0.4651
0.6047
0.5979
0.3673
0.3732
0.1667
0.5345
0.2289
0.5667
0.2842
0.4500
0.6038
0.6594
0.2895
0.3143
0.2571
0.5652
0.3300
0.6547
0.6994
0.5312
0.3146
0.2985
0.3208
0.6429
0.5185
0.4295
0.6087
0.2075
0.5385
0.6797
0.4111
0.6890
0.6795
0.6584
0.6319
0.3684
0.4407
0.5809
0.7966
0.7757
0.7051
0.4990
0.5000
0.5754
0.7356
0.7007
0.4963
0.5427
0.6000
0.9239
0.3919
0.4938
0.6711
0.6160
0.6332
0.8250
0.7097
0.5880
0.0000
0.9091
0.3176
0.4492
0.2273
0.2857
0.2778
0.6047
0.3261
0.4566
0.2500
0.4489
0.2045
0.1901
0.4690
0.6970
0.4667
0.7018
0.5544
0.2273
0.5362
0.0833
0.5794
0.6786
0.5571
0.4722
0.3913
0.4810
0.1905
0.5181
0.2069
0.6118
0.7456
0.5950
0.3908
0.6311
0.2500
0.5515
0.6788
0.4107
0.5306
0.5833
0.4823
0.7941
0.5724
0.4638
0.4336
0.7437
0.2308
0.7581
0.3582
0.5086
0.5102
0.4400
0.1818
0.4231
0.7663
0.6389
0.4878
0.4072
0.6000
0.6022
0.5000
0.3972
0.6667
0.4821
0.5000
0.4396
0.6176
0.7910
0.3171
0.4998
0.7672
0.5926
0.6728
0.6358
0.7750
0.2623
0.6385
0.6635
0.6800
0.4810
0.6812
0.2667
0.4744
0.6081
0.3881
0.8636
0.4516
0.6260
0.4775
0.5897
0.6690
1.0000
0.2609
0.7555
0.6018
0.5694
0.8387
0.5467
0.9583
0.6296
0.5789
0.2778
0.6138
0.4754
0.4762
0.7096
0.4959
1.0000
0.7062
0.6051
0.6667
0.1385
0.6299
0.5395
0.4110
0.2143
0.7778
0.5075
0.4638
0.4907
0.4533
0.6284
0.6222
0.6190
0.6923
0.4080
0.5000
0.6458
0.6479
0.5000
0.7772
0.4026
0.4137
0.4757
0.5238
0.4348
0.6471
0.4257
0.4754
0.4583
0.5238
0.5000
0.5103
0.6860
0.5887
0.6559
0.8574
0.5774
0.4103
0.4242
0.6070
0.3818
0.2945
0.0968
0.4678
0.3552
0.5692
0.5671
0.6143
0.5152
0.6250
0.3968
0.4423
0.3177
0.5059
0.6008
0.9693
0.4107
0.0317
0.6542
0.3169
0.3214
0.3030
0.3768
0.6703
0.5570
0.4684
0.6993
0.4465
0.4375
0.6000
0.3529
0.6063
0.4231
0.3032
0.4130
0.4643
0.3280
0.3952
0.4457
0.5593
0.7500
0.5560
0.6210
0.6418
0.6440
0.6770
0.5242
0.5479
0.5980
0.4862
0.7664
0.6023
0.4510
0.3452
0.3519
0.4364
0.3030
0.4848
0.4455
0.5100
0.4271
0.9643
0.2571
0.6333
0.3186
0.7143
0.4531
0.4118
0.6129
0.1600
0.2169
0.5411
0.3974
0.4032
0.6751
0.6437
0.7234
0.4762
1.0000
0.7127
0.3566
0.6818
0.2959
0.4426
0.4286
0.7911
0.6418
0.6223
0.5595
0.5648
0.7505
0.5221
0.9136
0.4133
0.4653
0.6020
0.3438
0.5533
0.4052
0.4167
0.5633
0.5000
0.5564
0.5672
0.5965
0.7829
0.6200
0.4423
0.3623
0.7302
0.6880
0.4762
0.4115
0.7741
0.5586
0.2703
0.6000
0.5599
0.1846
0.6233
0.3100
0.5301
0.5750
0.4386
0.4107
0.5040
0.5769
0.3864
0.5706
0.3934
0.6250
0.5714
0.6312
0.3402
0.7080
0.7730
0.5636
0.4265
0.6170
0.8444
0.5263
0.6364
0.5776
0.3825
0.4141
0.4878
0.5000
0.4565
0.4091
0.8304
0.5735
0.4624
0.8085
0.4101
0.6494
0.5160
0.6469
0.6275
0.7818
0.8233
0.7519
1.0000
0.6829
0.2131
0.5200
0.7461
0.5278
0.3077
0.3176
0.4125
0.4397
0.4902
0.5287
0.4814
0.4400
0.4940
0.4852
0.5443
0.1600
0.2414
0.4792
0.3672
0.4615
0.6294
0.3871
0.4693
0.6145
0.7193
0.8606
0.7893
0.3396
0.5000
0.0678
0.3810
0.5682
0.4737
0.3800
0.4419
0.3591
0.3452
0.7073
0.5938
0.3947
0.3723
0.6383
0.2658
0.4444
0.6875
0.6452
0.5897
0.7308
0.5977
0.3444
0.4719
0.7125
0.3200
0.5106
0.5395
0.5414
0.5256
0.2295
0.3205
0.4754
0.4198
0.6343
0.3000
0.4064
0.5635
0.4658
0.5283
0.8511
0.6346
0.6296
0.5676
0.2644
0.8163
0.4722
0.5114
0.5637
0.3444
0.6247
0.6667
0.5779
0.5745
0.6082
0.0000
0.5833
0.4971
0.2000
0.8046
0.1111
0.2391
0.5000
0.8537
0.9180
0.6884
0.1268
0.4474
0.5538
0.3251
0.6048
0.1905
0.6381
0.5195
0.0526
0.3224
0.3939
0.5459
0.5133
0.2308
0.6708
0.4859
0.3182
0.5753
0.1316
0.2069
0.3265
0.7353
0.2391
0.6250
0.5043
0.4685
0.3309
0.2045
0.4658
0.4264
0.7231
0.3415
0.8627
0.1628
0.6111
0.5657
0.5797
0.4397
0.2424
0.4497
0.3770
0.3725
0.3077
0.2727
0.6463
0.4400
0.6081
0.7288
0.6549
0.4309
0.6298
0.6042
0.4496
0.7378
0.4766
0.4776
0.5323
0.5294
0.5076
0.7295
0.8298
0.5974
0.6000
0.4028
0.4491
0.6192
0.4805
0.6812
0.5132
0.4733
0.6667
0.5017
0.3043
0.7692
0.3929
0.3733
1.0000
0.6707
0.6130
0.4783
0.6947
0.7095
0.7131
0.1905
0.8100
0.5854
0.5291
1.0000
0.2807
0.4839
0.6157
0.4688
0.6322
0.5068
0.5643
0.4918
0.5000
0.7422
0.4123
0.6778
0.4725
0.5329
0.5074
0.1875
0.5946
0.6842
0.6660
0.6245
0.6214
0.6346
0.6121
0.6532
0.6322
0.4561
0.4930
0.6184
0.3118
0.7318
0.6023
0.4189
0.6528
0.7403
0.4611
0.9058
0.4776
0.5881
0.9851
0.6122
0.8463
0.4839
0.6848
0.4889
0.8000
0.6106
0.7000
0.4515
0.5455
0.8955
0.1515
0.5574
0.7500
0.6644
0.4713
0.6667
0.5026
0.8410
0.5424
0.5992
0.5741
0.6719
0.5568
0.6139
0.6404
0.4359
0.7328
0.5843
0.4959
0.4410
0.4262
0.4359
0.8269
0.3438
0.4167
0.5326
0.4871
0.5968
0.4219
0.4702
0.3333
0.8810
0.6616
0.6465
0.5847
0.6000
0.5000
0.6480
0.6022
0.6469
0.6729
0.6356
0.7840
0.7105
0.1912
0.6154
0.6667
0.0833
0.3182
0.9583
0.4531
0.4684
0.4681
0.5435
0.6793
0.5202
0.6761
0.6250
0.5044
0.6333
0.6848
0.6023
0.9306
0.5466
0.8378
0.5484
0.4706
0.8000
0.5727
0.4465
0.3163
0.7674
0.4667
0.6919
0.2956
0.5990
0.4561
0.8053
0.6304
0.7627
0.6304
0.5753
0.7333
0.6250
0.5190
0.6111
0.5565
0.5319
0.7838
0.7619
0.3654
0.5189
0.7200
0.4444
0.9688
0.5238
0.3694
0.6361
1.0000
0.3398
0.4655
0.2993
0.8909
0.4843
0.3878
0.4364
0.4751
0.5326
0.5155
0.3740
0.6924
0.6842
0.6538
0.7296
0.5570
0.3545
0.7681
0.7336
0.5322
0.4463
0.3971
0.2963
0.3628
0.5714
0.7189
0.6597
0.5521
0.4087
0.5894
0.5738
0.3971
0.4952
0.5670
0.5000
0.4767
0.3911
0.6044
0.6928
0.5997
0.7085
0.4688
0.4531
0.2222
0.7667
0.3256
0.4405
0.6391
0.3333
0.3956
0.5435
0.1935
0.4000
0.3750
0.4071
0.5462
0.3043
0.5911
0.5375
0.4891
0.7195
0.5373
0.4111
0.6667
0.4211
0.3577
0.8388
0.4194
0.3895
0.7403
0.5444
0.6733
0.6248
0.6313
0.7581
0.6275
0.3385
0.4958
0.5370
0.9095
0.5098
0.5620
0.5108
0.4302
1.0000
0.5077
0.5134
0.6545
0.5031
0.4444
0.5556
0.6207
0.2353
0.6839
0.3860
0.4576
0.7778
0.5263
0.7059
0.5469
0.7500
0.6638
0.6200
0.5000
0.6129
0.8214
0.5556
0.6098
0.4545
0.5000
0.6471
0.6176
0.2667
0.2778
0.5735
0.5816
0.6389
0.5379
0.7000
0.5942
0.6635
0.8333
0.7500
0.7707
0.3250
0.5000
0.5385
0.8812
0.5238
0.5000
0.4103
0.6401
0.6326
0.6333
0.6207
0.5556
0.8077
0.7328
0.3380
0.5135
0.8272
0.6011
0.4483
0.8173
0.5000
0.5000
0.6119
0.8295
0.3952
0.2400
0.6928
0.5974
0.6892
0.7416
0.7105
0.3077
0.5771
0.6222
0.5896
0.6461
0.4000
0.7041
0.4857
0.4227
0.4865
0.6136
0.5594
0.5978
0.4286
0.6881
0.4151
0.6022
0.5195
0.7500
0.2333
0.4723
0.4474
0.6611
0.7727
0.2289
0.4787
0.5368
0.7929
0.6386
0.6604
0.4167
0.4551
0.5143
0.2812
0.3529
0.2571
0.8557
0.6032
0.5312
0.3860
1.0000
0.8000
0.5000
0.6162
0.3558
0.6571
0.7705
0.6646
0.6117
0.8907
0.8559
0.8668
0.6587
0.7076
0.6840
0.8944
0.8025
0.3125
0.5811
0.5789
0.7568
0.6053
0.7196
0.6048
0.8955
0.7222
0.7737
0.6977
0.7561
0.7456
0.5507
0.4388
0.3382
0.5886
0.6634
0.5000
0.3256
0.5728
0.5873
0.1429
0.3222
0.4359
0.2222
0.3846
0.3953
0.3333
0.1860
0.7844
0.5105
0.6071
0.7882
0.5292
0.2257
0.6952
0.6942
0.8305
0.4783
0.5294
0.2500
1.0000
0.6364
0.4808
0.6134
0.4808
0.7089
0.3660
0.9311
0.5738
0.5256
0.4320
0.4583
0.4867
0.6004
0.6175
0.4951
0.6044
0.9444
0.5522
0.6346
0.6598
0.6496
0.5238
0.5641
0.6400
0.6818
0.4256
0.5889
0.6939
0.7214
0.4146
0.4912
0.4231
0.7753
0.6060
0.3750
0.6094
0.4333
0.2000
0.9692
0.2381
0.3571
0.1970
0.7626
0.8447
0.6752
0.3913
0.6912
0.5422
0.8135
0.2564
0.5184
0.5446
0.3878
0.4792
0.4097
0.5843
0.3979
0.4448
0.6365
1.0000
0.5667
0.6491
0.4500
0.5225
0.6102
0.2941
0.5576
0.4635
0.7365
0.7090
0.2939
0.6689
0.6288
0.4934
0.2963
0.1739
0.5532
0.3831
0.5020
0.5000
0.5143
0.4729
0.5904
0.5000
0.4845
0.6613
0.3241
0.7771
0.4362
0.5708
1.0000
0.5925
0.2222
0.6875
0.5849
0.7333
0.3846
0.0714
0.5734
0.4698
0.4646
0.6087
0.8723
0.6544
0.5938
0.3704
0.6538
0.6201
0.6742
0.5324
0.7353
0.6100
0.4592
0.3953
0.5289
0.4264
0.4541
0.7121
0.3636
0.5122
0.4082
0.4386
0.5127
0.8750
0.5160
0.0000
0.4872
0.5501
0.8409
0.5769
0.6330
0.5000
0.5273
0.4167
0.5073
0.5208
0.3250
0.4097
0.6029
0.8017
0.4505
0.6541
1.0000
0.4545
0.8295
0.5000
0.5353
1.0000
0.8174
0.6924
0.6515
0.5369
0.5161
0.4197
0.5066
0.7143
0.5202
0.5000
0.4080
0.4031
1.0000
0.3750
0.7000
0.6735
0.4905
0.2278
0.3590
0.6300
0.8958
0.6327
0.4506
0.2342
0.4792
0.4617
0.5423
0.5833
0.7101
0.5965
1.0000
0.8457
0.7581
0.5389
0.3750
0.6419
1.0000
0.7634
0.4746
0.4762
0.7250
0.9077
0.3023
0.4951
0.4262
0.7585
0.5389
1.0000
1.0000
0.3750
0.2424
0.6410
0.5000
0.4658
0.6390
0.5161
0.4762
0.5385
0.6970
0.8360
0.7032
0.7453
0.7045
0.5461
0.5811
0.1918
0.5918
0.5079
0.5925
0.6000
0.6029
0.5161
0.5352
0.6530
0.7298
0.6500
0.5463
0.2683
0.4857
0.6923
0.4306
0.4912
0.4341
0.6054
0.5758
0.7512
0.2500
0.7576
0.6382
0.3944
0.6087
0.5316
0.5806
0.4592
0.5370
0.6701
0.4416
0.4966
0.4324
0.5580
0.5987
0.6883
0.3617
0.5000
0.4035
0.4667
0.2927
0.4667
0.5714
0.6829
0.6119
0.3726
0.6462
0.5050
0.6357
0.5003
0.4534
0.2941
0.4544
0.5246
0.4074
0.5716
0.7050
0.4039
0.5294
0.5228
0.7051
0.8039
0.5679
0.4190
0.5833
0.7273
0.4545
0.4314
0.6162
0.2353
0.7826
0.6418
0.6304
0.3590
0.6136
0.8764
0.6568
0.7059
0.5793
0.7917
0.5860
0.4189
0.5727
0.5214
0.7391
0.5682
0.8750
0.5312
0.6175
0.4469
0.5581
0.7714
0.5082
0.4634
0.4643
0.3298
0.6489
0.1351
0.5198
0.6625
0.5400
0.4752
0.4294
0.7121
0.6710
0.4932
0.5435
0.5510
0.6223
0.5549
0.4773
0.5385
0.4231
0.4795
0.5741
0.5525
0.7059
0.4720
0.2000
0.6410
0.5202
0.6222
0.6444
0.4889
0.4478
0.1538
0.5495
0.4911
0.5000
0.3676
0.6250
0.2727
0.4621
0.5471
0.6607
0.4429
0.2899
0.3546
0.4779
0.3950
0.5255
0.5288
0.5321
0.3154
0.4135
0.4577
0.6283
0.4510
0.4151
0.7607
0.7401
0.7393
0.5374
0.5000
0.4125
1.0000
0.1226
0.3750
0.8043
0.7662
0.3636
0.8889
0.5122
0.5417
0.4722
0.3500
0.2794
0.6071
0.4364
0.6346
0.5060
0.9231
0.3571
0.2889
0.5417
0.7595
0.5625
0.4884
0.6414
0.5821
0.3284
0.2308
0.2941
0.2204
0.4718
0.5429
0.6974
0.4074
0.8804
0.5854
0.4023
0.5802
0.3099
0.6690
0.2903
0.3908
0.7539
0.6585
0.6061
0.5714
0.4529
0.6646
0.3793
0.3043
0.5721
0.6923
0.5077
0.7027
0.2286
0.4608
0.4516
0.1026
0.3889
0.6500
0.6780
0.5714
0.5623
0.4828
0.3182
0.4412
0.6806
0.6536
0.5242
0.3978
0.5330
0.9136
0.5539
0.7188
0.4651
0.1333
0.3634
0.8900
0.4096
0.4314
0.2241
0.9130
0.5690
0.6411
0.7237
0.4318
0.5726
0.4825
0.4000
0.3000
0.4565
0.6104
0.4557
0.6305
0.3778
0.8140
0.6875
0.7696
0.8730
0.6261
0.6757
0.4038
0.5641
0.6822
0.6429
0.4347
0.4829
0.6353
0.5489
0.7383
0.5000
0.5485
0.8276
0.3299
0.4375
0.3810
0.1905
0.4082
0.4706
0.6556
0.4904
0.2308
0.4355
0.6619
0.2603
0.5279
0.6376
0.2987
0.2164
0.4590
0.1774
0.2262
0.3463
0.5736
0.6500
0.3208
0.5721
0.3507
0.4854
0.3478
0.6782
0.3904
0.1944
0.6059
0.7200
0.4333
0.6634
0.4048
0.4995
0.3636
0.6016
0.6552
0.1111
0.3396
0.4261
0.5531
0.4806
0.4081
0.2308
0.5667
0.4414
0.5733
0.7742
0.8957
0.2812
0.4870
0.3611
0.5290
0.6404
0.4412
0.7655
0.3611
0.4318
0.4701
0.5773
0.7097
0.5294
0.5982
0.4302
0.3636
0.3545
0.6029
0.7696
0.1111
0.5130
0.4578
0.5412
0.7432
0.3632
0.2826
0.4348
0.5833
0.3696
0.6767
0.4461
0.3988
0.2527
0.6941
0.4097
0.6250
0.7198
0.4054
0.5217
0.3907
0.7551
0.3855
0.5250
0.1414
0.7124
0.4879
0.5000
0.5758
0.6370
0.4375
0.5789
0.2533
0.4853
0.1562
0.6385
0.1613
0.5111
0.3714
0.3000
0.4231
0.4355
0.3125
0.3878
0.9000
0.4186
0.5354
0.4559
0.7241
0.4600
0.6314
0.5750
0.5568
0.3507
0.6089
0.5195
0.5638
0.5641
0.4965
0.7252
0.5690
0.6562
0.4578
0.6932
0.6073
0.0500
0.6845
0.7714
0.8646
0.6067
0.5625
0.4638
0.7333
0.5882
0.5933
0.5690
0.6667
0.7202
0.8684
0.3704
0.6258
0.7852
0.4815
0.9143
0.7368
0.5484
0.5934
0.6129
0.5217
0.4364
0.3696
0.6108
0.3333
0.4237
0.8947
0.5802
0.5572
0.8247
0.5697
0.1818
0.7677
0.6250
0.6603
0.3671
0.8601
0.6286
0.8000
0.4828
0.6086
0.6818
0.6866
0.4205
0.3750
0.7500
0.5779
0.4231
0.5227
0.4157
0.6087
0.6126
0.4848
0.8384
0.3733
0.5291
0.4455
0.4286
0.4472
0.5385
0.5057
0.2222
0.6000
0.5322
0.7491
1.0000
0.6491
0.1429
0.4070
0.7794
0.5962
0.6170
0.7634
0.4785
0.2162
0.2439
0.4667
0.5707
0.5078
0.7647
0.3947
0.6215
0.5102
0.5985
0.2500
0.4270
0.3387
0.4522
0.5902
0.3978
0.2711
0.4412
0.5712
0.4615
0.4348
0.2647
0.4930
0.7058
0.6088
0.3970
0.5000
0.5862
0.6702
0.5714
0.9079
0.5112
0.2340
0.5181
0.5512
0.3448
0.4271
0.5041
0.5983
0.6327
0.6250
0.4667
0.7745
0.5904
0.6176
0.4737
0.4211
0.5035
0.7339
0.5757
0.5588
0.7308
0.4375
0.6703
0.5503
0.5066
0.1515
0.6991
0.4425
0.5161
0.5697
0.8875
0.4500
0.4314
0.9753
0.2308
0.5204
0.3143
0.3023
0.2857
0.7400
0.4324
1.0000
0.4375
0.7848
0.2462
0.4390
0.6098
0.4118
0.2759
0.1900
0.5065
0.5155
0.9144
0.2368
0.7778
0.3587
0.6471
0.5000
0.7015
0.3684
0.8474
0.3304
0.6897
0.7241
0.3784
0.5686
0.7993
1.0000
0.6408
0.5017
0.6053
0.4911
0.5208
0.2105
0.6629
0.6448
0.6439
0.5499
0.3194
0.5672
0.3333
0.4407
0.8293
0.9000
0.4493
0.5268
0.4848
0.5692
0.5947
0.7950
0.6486
0.7407
0.7390
0.4551
0.3918
0.9574
0.6216
1.0000
0.5542
0.5809
0.6957
0.4798
0.3850
0.5000
0.3333
0.2000
0.5592
0.4493
0.3949
0.5909
0.6917
0.4075
0.4950
0.3143
0.5349
0.5000
0.4259
0.5517
0.5773
0.6852
0.6214
0.5752
0.4082
0.3455
0.3594
0.4857
0.8385
0.3333
0.6250
0.4118
0.3393
0.6596
0.8082
0.5200
0.5923
0.5377
0.4765
0.5962
0.4304
0.4986
0.4825
0.6230
0.4942
0.3791
0.7037
0.5312
0.3714
0.3770
0.5196
0.3766
0.4948
0.3388
0.6448
0.4714
0.5267
0.7500
0.4286
0.6594
0.3894
0.7073
0.5718
0.4444
1.0000
0.5202
0.3465
0.4753
0.8107
0.4094
0.4539
0.6483
0.6422
0.2545
0.5763
0.6920
0.3721
0.4944
0.3103
0.5204
0.3913
0.8500
0.4483
0.4028
0.4237
0.5593
0.7051
0.5355
0.4135
0.8333
0.3602
0.5449
0.4217
0.7762
0.4621
0.3875
0.6682
0.6885
0.1944
0.4865
0.7381
0.5777
0.8000
0.7622
0.8929
0.7070
0.4261
0.6970
0.5490
0.3020
0.3849
0.4346
0.5157
0.6618
0.7133
0.2143
0.3922
0.6829
0.7095
0.6043
0.5301
0.5778
0.6638
0.4691
0.7960
0.5407
0.6250
0.4274
0.3462
0.5484
0.3958
0.5319
0.7300
0.5364
0.8053
0.5523
0.4559
0.6552
0.5000
0.4020
0.5000
0.3158
0.5528
0.3529
0.2797
0.7282
0.6875
0.3158
0.6000
0.6103
0.5952
0.7466
0.4767
0.6316
0.7273
0.4138
0.5862
0.6140
0.4109
0.5509
0.7451
0.5752
0.5522
0.4902
0.4048
0.5327
0.5976
0.5849
0.6454
0.6667
0.3299
0.6942
0.6061
0.5396
0.7391
0.5190
0.6212
0.5263
0.8462
0.3971
0.7243
0.7354
0.5172
0.4404
0.4657
0.6582
0.6779
0.3667
0.7607
0.4893
0.2308
0.5754
0.8285
0.7746
0.7385
0.5036
0.5000
0.6162
0.4118
0.6636
0.5498
0.7313
0.6552
0.5647
0.6065
0.4107
0.6851
0.5403
0.8658
0.5463
0.5937
0.4589
0.4835
0.5853
0.5642
0.2571
0.4151
0.7143
0.7424
0.2553
0.6451
0.6316
0.7258
0.6920
0.6311
0.5889
0.5802
0.4619
0.5170
0.8438
0.6731
0.6829
0.5147
0.6897
0.6000
0.6220
0.6732
0.5899
0.6098
0.5588
0.4864
0.6111
0.3913
0.3939
0.5519
0.2157
0.4713
0.4366
0.8058
0.8922
0.7990
0.5833
0.7000
0.4789
0.6058
0.3793
0.6300
0.5391
0.3676
0.2128
0.1739
0.5446
0.5027
0.5972
0.2979
0.7028
0.5769
0.2917
0.8155
1.0000
0.5926
0.6462
0.6652
0.4767
0.6134
0.5231
0.4584
0.6611
0.5537
0.5878
0.3333
0.2600
0.6667
0.4545
0.6022
0.4732
0.6378
0.5704
0.6901
0.2069
0.5456
0.3981
0.5593
0.4310
0.7267
0.5920
0.8333
0.4892
0.3043
0.4875
0.4270
0.7692
0.4722
0.3333
0.6162
0.6765
0.5889
0.4141
1.0000
0.5853
0.2989
0.5455
0.2619
0.7209
0.3412
0.5588
0.4000
0.5544
0.2949
0.5506
0.2440
0.7411
0.5118
0.6917
0.5266
0.1481
0.3722
0.7361
0.4916
0.6230
0.3641
0.7027
0.3750
0.5488
0.6617
0.6539
0.6077
0.6455
0.4549
0.6632
0.5189
0.4756
0.5948
0.6364
0.4535
0.4668
0.8333
0.6226
0.9091
0.3953
0.6250
0.5044
0.6512
0.5105
0.6875
0.8222
0.5426
0.6968
0.5796
0.4570
0.6835
0.4159
0.6575
0.5244
1.0000
0.4918
0.5775
0.2500
1.0000
0.8791
0.5129
0.0588
0.9286
0.6667
0.6383
0.7574
0.5159
0.6454
0.4602
0.6250
0.4786
0.6673
0.5577
0.5363
0.7042
0.8069
0.7321
0.4868
0.5660
0.7778
0.5071
0.3478
0.3924
0.6318
0.6507
0.6111
0.5152
0.4286
0.3636
0.6139
0.7105
0.8333
0.8500
0.5112
0.4167
0.4511
0.4792
0.6170
0.4141
0.6173
0.4408
0.3529
0.4767
0.4286
0.4275
0.3723
0.5676
0.5455
0.3953
0.6852
0.5000
0.9483
0.6207
0.5000
0.3636
0.5667
0.7091
0.4348
0.7474
0.4518
0.3958
0.4896
1.0000
0.3077
0.6756
0.6667
0.5197
0.7257
0.4839
0.5469
0.4074
0.4318
0.5983
0.5211
0.3804
0.4323
0.7367
0.7311
0.4444
0.3784
0.4464
0.4828
0.6343
0.3118
0.3417
0.1863
0.3115
0.5613
0.3735
0.4114
0.6739
0.5588
0.4500
0.5000
0.7531
0.5037
0.6517
0.6787
0.6585
0.5896
0.6200
0.3871
0.7758
0.6341
0.6608
0.6250
0.6410
0.6170
0.3333
0.8788
0.3765
0.5098
0.7739
0.3895
0.3269
0.5645
0.4310
0.4176
0.4535
0.3200
0.5380
0.3728
0.6667
0.5263
0.2296
0.3719
0.3548
0.4851
0.6135
0.5231
0.7013
0.5486
0.4259
0.5482
1.0000
0.4084
0.2778
0.3548
0.6700
0.9881
0.3642
0.7139
0.4844
0.3696
0.5789
0.6353
0.4821
0.6164
0.4583
0.3485
0.6562
0.3947
0.5333
0.6246
0.5182
0.2000
0.2973
0.4839
0.5244
0.6601
0.4808
0.5758
0.6148
0.5815
0.4717
0.3727
0.3644
0.6333
0.2911
0.4977
0.5208
0.3333
0.5486
0.5642
0.3667
0.6013
0.7727
0.2500
0.2414
0.6173
0.6251
0.4731
0.4479
0.6032
0.2222
0.7841
0.6400
0.8140
0.4991
0.3919
0.4831
0.5833
0.6505
0.5044
0.6667
0.6299
0.0000
0.3444
0.5294
0.5981
0.5169
0.4540
1.0000
0.7159
0.6230
0.7368
0.4340
0.5056
0.8640
0.3148
0.5496
0.4825
0.7246
0.5737
0.5529
0.6273
0.6283
0.5369
0.6913
0.6031
0.4224
0.5678
0.5476
0.5089
0.2344
0.3699
0.6222
0.3380
0.7773
0.5449
0.4286
0.8591
0.5390
0.5036
0.6096
0.6234
0.6987
0.6786
0.2917
0.4861
0.4079
0.6977
0.5435
0.3684
0.3107
0.1935
1.0000
0.1892
0.4268
0.4110
0.3225
0.1724
0.2121
0.6623
0.6696
0.2933
0.5476
0.8800
0.7031
0.7347
0.5469
0.5556
0.5000
0.7251
0.4912
0.6748
0.5026
0.3542
0.4342
0.6087
0.3846
0.6535
0.7208
0.5469
0.7099
0.5909
0.5692
0.6754
0.5544
0.7389
0.5051
0.5662
0.2708
0.5437
0.4636
0.4122
0.5753
0.5601
0.4841
0.5093
0.5563
0.5467
0.6611
0.4595
0.7305
0.5235
0.5600
0.5933
0.4915
0.4432
0.2456
0.7586
0.4327
0.5809
0.2860
0.5068
0.9175
0.8961
0.4935
0.4138
0.6341
0.6381
0.6701
0.7719
0.9131
0.5116
0.5077
0.4825
0.3636
0.4058
0.4744
0.3871
0.4568
0.6562
0.5106
0.6699
0.5000
0.6531
0.5111
0.6869
0.5141
0.7125
0.5172
0.7407
0.6008
0.8000
0.8333
0.5357
0.5088
0.5253
0.5806
0.7632
0.5417
0.0938
0.7299
0.8400
0.5196
0.6000
0.2619
0.6071
0.5306
0.8125
0.4024
0.4750
0.3966
0.5000
0.3364
0.6918
0.5205
0.6647
0.5818
0.5660
0.6217
0.4603
0.4020
0.6127
0.5645
0.1762
0.5385
0.6763
0.4444
0.9190
0.5539
0.8203
0.6130
0.7143
0.4630
0.5091
0.5914
0.5222
0.6038
0.2742
0.4699
0.3623
0.4921
0.4561
0.7734
0.4138
0.4783
0.3158
0.1622
0.3506
1.0000
0.4815
0.3864
0.5161
0.1746
0.5556
0.6480
0.2319
0.5098
0.0833
0.3592
0.7308
0.5076
0.6744
0.1923
0.2353
0.4630
0.2286
0.4333
0.2778
0.6617
0.5141
0.2879
0.7058
0.6970
0.3796
1.0000
0.5853
0.4803
0.3659
0.6175
0.4578
0.5321
0.6020
0.7068
0.5845
0.6618
0.5133
0.5455
0.6582
0.5406
0.5845
0.6319
0.5312
0.6442
0.4189
0.9139
0.6634
0.5400
0.7317
0.6149
0.4429
0.7000
0.5926
0.3696
0.4066
0.7179
0.2424
0.2500
0.3793
0.5883
0.5553
0.4324
0.1548
0.5470
0.4783
0.4615
0.7419
0.6327
0.3667
0.1728
0.6039
0.8676
0.4984
0.2982
0.9289
0.6635
0.6298
0.6217
0.2830
0.7367
0.8115
0.6345
0.8571
0.4138
0.6709
0.5565
0.5600
0.3462
0.5467
0.9902
0.5472
1.0000
0.4706
0.4118
0.7033
0.3714
0.4771
0.4360
0.4043
0.6697
0.5744
0.3824
0.4881
0.7133
0.5128
0.4964
0.7074
0.6327
0.9154
0.4271
0.4496
0.3614
1.0000
0.8489
0.7889
0.7490
0.2037
0.5437
0.5649
0.4643
0.5028
0.7253
0.4247
0.2182
0.7103
0.3301
0.5319
0.7391
0.8148
1.0000
0.5585
0.4519
0.2807
0.4125
0.6667
0.5114
0.4194
0.3857
0.5318
0.6159
0.4795
0.5974
0.6145
0.3261
0.7281
0.5100
0.5000
0.6115
1.0000
0.5687
0.4714
0.4500
0.8377
0.7973
0.4595
0.5250
0.6644
0.5821
0.6745
0.5200
0.9339
0.6167
0.5640
0.5846
0.7391
0.5424
0.4557
0.5510
0.1964
0.6750
0.9286
0.4798
0.6799
0.3077
0.4375
0.5872
0.5058
0.5638
0.3958
0.4353
0.3857
0.5261
0.4762
0.6172
0.9020
0.6471
0.5833
0.4744
0.7241
0.5286
0.6348
0.5143
0.2800
0.6263
0.4610
0.6923
0.9757
0.5000
0.5231
0.5500
0.1739
0.9405
0.6460
0.4364
0.6667
0.4558
0.3590
0.4105
0.6111
0.7424
0.5889
0.5854
0.5870
0.6056
0.6937
0.6672
0.6611
0.7696
0.4667
0.5455
0.5706
0.5617
0.1818
0.6104
0.4809
0.5543
0.5989
0.6406
0.7200
0.6500
0.5806
0.4586
0.4554
0.7471
0.6701
0.7601
0.7119
0.7906
0.4556
0.5676
0.4878
0.4792
0.4571
0.4375
0.4085
0.2763
0.4466
0.4412
0.4456
0.6059
0.2394
0.8300
0.7436
0.4286
0.3784
0.6216
0.5410
0.6250
0.3666
0.4355
0.6957
0.4706
0.4922
0.6932
0.6030
0.5000
0.3818
0.6361
0.5769
0.5644
0.6230
0.5556
0.3959
0.7619
0.5893
0.6071
0.5481
0.5263
0.8088
0.6760
0.4962
0.4536
0.6158
0.8958
0.2056
0.5478
0.4778
0.6253
0.5309
0.5409
0.4216
0.1277
0.5185
0.6913
0.5564
0.5497
0.5385
0.4016
0.3468
0.4308
0.3212
0.3626
0.3968
0.8635
0.5000
0.6434
0.7453
0.7156
0.5413
0.5102
0.5551
0.6643
0.5027
0.2949
0.2807
0.3774
0.2533
0.5000
0.2857
0.3778
0.4671
0.2785
0.1064
0.6860
0.4972
0.3774
0.3622
0.3186
0.4286
0.4431
0.5368
0.6731
0.5139
0.5192
0.5231
0.5417
0.4013
0.4000
0.5885
0.4430
0.2751
0.5625
0.3200
0.6667
0.7352
0.3780
0.4603
0.4387
0.6637
0.2857
0.9091
0.3655
0.4590
0.4872
0.4638
0.6469
0.5814
0.4329
0.3722
0.6634
0.5408
0.2857
0.2500
0.6234
0.5246
0.5139
0.3774
0.2895
0.4000
0.5243
0.4571
1.0000
0.4569
0.5810
0.3628
0.6939
0.3523
0.3846
0.3471
0.4795
0.4545
0.8000
0.3910
0.4387
0.3294
0.3788
0.4310
0.4347
0.4413
0.4637
0.5852
0.5000
0.2857
0.5353
0.7545
0.6583
0.6170
0.6555
0.5294
0.5000
0.2736
0.4632
0.8333
0.4783
0.5267
0.4769
0.6024
0.5700
0.7026
0.6217
0.6525
0.7027
0.6450
0.7772
0.6684
0.6649
0.6377
0.3684
0.4112
0.7213
0.3333
0.5357
0.6235
0.5244
0.5773
0.7398
0.4071
0.2989
0.5423
0.4756
0.6106
0.7202
0.6237
0.2979
1.0000
0.5500
0.3367
0.5849
0.4500
0.3488
0.7540
0.5455
0.6449
0.4085
0.6942
0.6765
0.4399
0.3406
0.6282
0.5403
0.4064
0.6738
0.6176
0.6000
0.6500
0.5238
0.6173
0.6076
0.6620
0.7250
0.7467
0.2169
0.5029
0.5484
0.3056
0.6019
0.5000
0.2500
0.8101
0.5238
0.4634
0.6000
0.5556
0.3750
0.4837
0.5000
0.3659
0.9600
0.7394
0.5612
0.2933
0.4351
0.7373
0.5000
0.6667
0.4181
0.3494
0.6684
0.7300
0.6252
0.7206
0.8021
0.3120
0.4545
0.5823
0.2568
0.3056
0.4516
0.3750
0.7000
0.5273
0.3636
0.5733
0.5100
0.5534
0.5435
0.2500
0.4982
0.5536
0.4634
0.4149
0.5110
0.6493
0.5773
0.4868
0.2558
0.5109
0.6432
0.7711
0.5310
0.3667
0.4531
0.3438
0.5512
0.7418
0.3455
1.0000
0.6566
0.4204
0.6086
0.7404
0.3548
0.3026
0.5662
0.6228
0.7658
0.5708
0.3718
0.1111
0.7941
0.5921
0.5584
0.3636
0.4762
0.6571
0.4107
0.9705
0.1667
0.6350
0.4231
0.4444
0.4321
0.5676
0.6938
0.6707
0.7155
0.5781
0.5238
0.0500
0.7589
0.3729
0.1250
0.4466
0.8816
0.7411
0.6439
0.6061
0.6135
0.3863
0.4759
0.4348
0.3519
0.6820
0.6304
0.3939
0.5173
0.4502
0.4706
0.5250
0.6250
0.7167
0.6290
0.8864
0.6034
0.3417
0.5261
0.5542
0.6288
0.4306
0.5104
0.4125
0.9348
0.7237
0.5417
0.7441
0.6006
0.7500
0.5714
0.4186
0.2653
0.6095
0.5429
0.5708
0.2500
0.5508
0.6325
0.4524
0.8736
0.3182
0.5913
0.5734
0.5340
0.4909
0.5749
1.0000
0.5256
0.5556
0.5268
0.5238
0.5000
0.4167
0.5000
0.5357
0.4912
0.7300
0.4146
0.4043
0.6047
0.7451
0.6038
0.5286
0.5163
0.3065
0.5682
0.6000
0.6514
0.3864
0.1481
0.7194
0.5824
0.5636
0.7333
0.1509
0.5600
0.5188
0.5600
0.7859
0.6102
0.6527
0.4472
0.6000
0.3030
0.1277
0.3514
0.2000
0.2800
0.7091
0.5610
0.8000
0.3333
0.6260
0.7301
0.7260
0.5312
0.4167
0.8148
0.7353
0.6471
0.5294
0.4419
0.4991
0.3810
0.6410
0.5000
0.5200
0.4000
0.6667
0.7400
0.8611
0.3750
0.5019
0.4500
0.6538
0.3630
0.7568
0.6429
0.5641
1.0000
0.5889
0.6015
0.8750
0.6417
0.5918
0.5698
0.6098
0.7188
0.4423
0.4211
0.4375
0.4362
0.4545
0.4224
0.7476
0.7292
0.5921
0.6800
0.4091
0.5278
0.6557
0.6316
0.6296
0.6000
0.7188
0.2439
0.3056
0.1852
0.5769
0.7083
0.5461
0.3158
0.3600
0.7007
0.5671
0.4310
0.6306
0.7708
0.5692
0.4898
0.7971
0.3548
0.5682
0.5882
0.6000
0.3617
0.6163
0.5333
0.5385
0.6226
0.5909
0.8095
0.2453
0.4483
0.5351
0.3448
0.4906
0.6923
0.6970
0.5513
0.5745
0.6156
0.5417
0.5479
0.4973
0.4946
0.6633
0.4773
0.6597
0.2821
0.6471
0.5122
0.7797
0.5775
0.5500
0.3733
0.6618
0.5506
0.7206
0.6327
0.5806
0.4815
0.4423
0.4056
0.7107
0.4909
0.6348
0.5294
0.5398
0.7194
1.0000
1.0000
0.6074
0.6417
0.5197
0.6695
0.8056
0.5242
0.4030
0.8470
0.8671
0.7222
0.6870
0.4375
0.3204
0.5956
0.5468
0.3333
0.5080
0.5769
0.1600
0.2414
0.5769
0.5799
0.5106
0.5181
0.3784
0.3077
0.3312
0.5417
0.5985
0.3407
0.7231
0.6367
0.5499
0.2391
0.4205
0.8359
0.4130
0.5146
0.1923
0.3585
0.5794
0.6818
0.4386
1.0000
0.3766
0.3846
0.2545
0.5625
0.4000
0.7943
0.8333
0.7032
0.5968
0.2439
0.5469
0.7059
0.5563
0.6154
0.6053
0.6452
0.5977
0.5312
0.6667
0.3785
0.2143
0.3662
0.6825
0.3404
0.5408
0.7812
0.3987
0.3540
0.4907
0.3697
0.4118
0.6998
0.3895
0.5521
0.3529
0.6849
0.3333
0.5574
0.5385
0.5625
0.5882
0.3902
0.7778
0.4231
0.2308
0.4594
0.5861
0.6519
0.5075
0.7576
0.5132
0.5128
0.7029
0.7619
0.5123
0.5556
0.4054
0.5692
0.4722
0.5893
0.7452
0.9631
0.6047
0.6429
0.6232
0.6512
0.6638
0.6098
0.6622
0.4000
0.5238
0.6591
0.7800
0.6341
0.5772
0.6573
0.4902
0.5763
0.7644
0.4574
0.3194
0.4000
0.2373
0.6929
0.4028
0.7241
0.6389
0.7636
0.4889
0.8200
0.6897
0.7705
0.5000
0.3939
0.6667
0.4760
0.9753
0.2121
0.5714
0.9100
0.6719
0.5500
0.4830
0.6250
0.3376
0.7418
0.6286
0.9414
0.2400
0.6250
0.4314
0.5250
0.6406
0.5733
0.9277
0.3846
1.0000
0.4250
0.5227
0.5736
0.9087
0.4265
0.4545
0.6055
0.4673
0.8333
0.6899
0.8615
0.5206
0.6607
0.9675
0.3158
0.6451
0.4860
0.5343
0.3929
0.6971
0.5204
0.6358
0.2063
0.4990
0.6716
0.6274
0.5294
0.8338
0.4984
0.6003
0.5556
0.6087
0.4655
0.6810
0.4559
0.6565
0.8254
0.7442
0.4697
0.6000
0.6339
0.9459
0.6929
0.6219
0.3776
0.6510
0.5175
0.7020
0.7778
0.5752
0.6029
0.5451
0.3409
0.7930
0.5676
0.5804
0.5000
0.6701
0.1864
0.5859
0.5156
0.6204
0.3590
0.6589
0.4878
0.6477
0.4419
0.2121
0.4681
0.4396
0.5981
0.6946
0.5466
0.4966
0.4125
0.5486
0.2261
0.3469
1.0000
0.5514
0.3429
0.3529
0.7018
0.6579
0.7063
0.5946
0.5179
0.6825
0.4769
0.3625
0.5474
0.7500
0.6346
0.5806
0.7755
0.6383
0.6250
0.5876
0.6667
0.4977
0.5833
0.6842
0.5652
0.6674
0.5222
0.5556
0.7210
0.5000
0.6299
0.5195
0.5880
0.7960
0.4436
0.7174
0.3898
0.4265
1.0000
0.4298
0.6748
0.5588
0.2045
0.2500
0.2830
0.3333
0.7632
0.4222
0.6842
0.1765
0.7383
0.7500
0.5395
0.8800
0.7188
0.6333
0.4091
0.5000
0.5698
0.4231
0.4000
0.7556
0.5408
0.5619
0.5122
0.7778
1.0000
0.4000
0.5763
0.3090
0.7436
0.7143
0.5532
0.4194
0.4151
0.5413
0.3482
0.5952
0.4500
0.6792
0.6290
0.6000
0.5427
0.4444
0.5575
0.6579
0.8095
0.5867
0.5143
0.7057
0.6078
0.6491
0.4173
0.4733
0.3333
0.5556
0.6894
0.5057
0.4483
0.4758
0.5480
0.9259
0.5900
0.5692
0.6972
0.6667
0.6600
0.5530
0.6333
0.5813
0.5224
0.6016
0.6242
0.6324
0.5882
0.6200
0.6250
0.6312
0.5646
0.6407
0.7222
0.6281
0.6538
0.3699
0.5160
0.7481
0.6501
0.7013
0.6299
0.5000
0.5135
0.5357
0.4340
0.5588
0.5798
0.5204
0.6901
0.4173
0.4493
0.5000
0.5263
0.8776
0.4875
0.6207
0.5357
0.2963
0.5824
0.6504
0.5705
0.7759
0.5664
0.4567
0.4815
0.5102
0.4865
0.9316
0.4674
0.5323
0.4940
0.6603
0.4348
0.4902
0.7005
0.6630
0.2856
0.6829
0.5714
0.4566
0.5946
0.3539
0.8362
0.6397
0.5643
0.5484
0.3254
0.6778
0.7451
0.4545
0.4651
0.5854
0.6506
0.7364
0.7151
0.7071
0.7179
0.7007
0.6511
0.5135
0.6483
0.5988
0.4345
0.7143
0.7197
0.4800
0.7552
0.6504
0.7576
0.4412
0.8833
0.4783
0.7494
0.7209
0.6184
0.3846
0.6111
0.6234
0.6076
0.3861
0.7165
0.4310
0.4211
0.5000
0.4459
0.4830
0.6284
0.3077
0.7094
0.8372
0.5667
0.2222
0.4336
0.5408
0.6291
0.6111
0.3721
0.4863
0.6838
0.6578
0.5497
0.5165
0.5739
0.4906
0.5797
0.6667
0.7647
0.8442
0.1786
0.2333
0.3846
0.4991
0.7999
0.2679
0.6759
0.4853
0.5856
0.3298
0.3667
0.6024
0.9570
0.7672
0.6991
0.1489
0.2817
0.5372
0.4898
0.4909
0.4468
0.3611
0.3522
0.2321
0.6970
0.4400
0.6800
0.6172
0.3207
0.3431
0.4919
0.4688
0.5617
0.5263
1.0000
0.3778
0.2887
0.5113
0.3229
0.8276
0.8056
0.7700
0.4528
0.4878
0.5591
0.7736
0.5667
1.0000
0.2656
0.6756
0.7986
0.5414
0.6590
0.3653
1.0000
0.5409
0.5972
0.5063
0.6226
0.8415
0.3415
0.7238
0.4924
0.6832
0.5000
0.6002
1.0000
0.6034
0.4607
0.7273
0.2881
0.6233
0.5077
0.3250
1.0000
0.5909
0.5877
0.5217
0.5943
0.5197
0.6172
0.5948
0.2927
0.5940
0.7582
0.6190
0.6515
0.5684
0.7500
0.4024
0.6373
0.3617
0.5028
0.5714
0.4248
0.5086
0.8545
0.5094
0.3265
0.4615
0.6364
0.6067
0.5011
0.5385
0.6179
0.5603
0.6238
0.4427
0.7759
0.5405
0.6897
0.6834
0.5143
0.5660
0.7929
0.5705
0.4717
0.4412
0.5706
0.4545
0.3929
0.5196
0.4372
0.3846
0.6514
0.2143
0.9138
0.5220
0.4960
0.5000
0.6167
0.5991
0.8333
0.4348
0.6190
0.5725
0.4151
0.5143
0.5254
0.9818
0.3905
0.4828
0.3462
0.7500
0.4839
0.1429
0.3542
0.2593
0.4944
0.3000
0.4702
0.5321
0.6231
0.4000
0.4952
0.5167
0.6007
0.2000
0.5000
0.4338
0.5494
0.4556
0.6845
0.3125
0.5688
0.5603
0.5806
0.6759
0.2423
0.7602
0.4898
0.4444
0.5422
0.6220
0.3333
0.5034
0.8387
0.4462
0.9576
0.4221
0.7778
0.7444
0.5698
0.4000
0.5470
0.7406
0.5192
0.6983
0.4776
0.6199
0.5278
0.3949
0.5871
0.5078
0.5148
0.4035
0.6047
0.4434
0.4177
0.4245
0.4194
0.1897
0.2019
0.4694
0.2917
0.5758
0.4722
0.7083
0.5253
0.7522
0.5626
0.3316
0.6727
0.6193
0.5161
0.5882
0.5679
0.5075
0.4386
0.3235
0.7420
0.5741
0.1923
0.4911
0.7125
0.1974
0.3176
0.2213
0.6288
0.3779
0.6174
0.5605
0.5911
0.5948
0.5619
0.5484
0.5227
0.4403
0.5692
0.4744
0.5594
0.5714
0.6591
0.8618
0.7835
0.4722
0.5281
0.4138
0.5185
0.5714
0.5600
0.4803
0.5405
0.5728
0.4955
0.5817
0.3875
0.3333
0.4605
0.5325
0.5652
0.5991
0.7253
0.7004
0.7128
0.5532
0.6000
0.5814
0.5714
0.5909
0.5676
0.2903
0.2778
0.5577
0.3830
0.4780
0.3229
0.6667
0.5378
0.6723
0.4358
0.4333
0.3977
0.6709
0.5633
0.7805
0.4000
0.6250
0.5000
0.5897
0.6923
0.6410
0.4136
0.5977
0.6019
0.6000
0.6022
0.9887
0.7593
0.8750
0.7321
0.9545
0.6154
0.6667
0.4556
0.4883
0.6484
0.3876
0.4099
0.5760
0.4688
0.4988
0.6981
0.6429
0.7500
0.3169
0.5807
0.6014
0.6693
0.3750
0.3939
0.8429
0.8226
0.7241
0.4493
0.6250
0.9226
0.9231
0.8625
0.6667
0.7978
0.5026
0.5648
0.6340
0.4872
0.4706
0.5893
1.0000
0.5000
0.2727
0.4530
0.4706
0.3756
0.8817
0.4542
0.9522
0.5586
0.6019
0.5192
0.6119
0.3673
0.5576
0.5303
0.4591
0.3243
0.5964
0.5764
0.5000
0.5263
0.6815
0.5727
0.5306
0.6667
0.6680
0.6786
0.7051
0.7275
0.4373
0.2917
0.6512
0.6400
0.6702
0.5866
0.5227
0.2917
0.4444
0.6267
0.4038
0.4963
0.6506
0.5825
0.5333
0.6830
0.6027
0.6178
0.5714
0.7680
0.7353
0.5939
0.4870
0.5600
0.2500
0.6971
0.2165
0.4545
0.1364
0.7174
0.1807
0.4545
0.1500
0.5442
0.5840
0.2881
0.4156
0.3442
0.4932
0.7222
0.4495
0.7693
0.3605
0.8218
0.4766
0.5208
0.4780
0.5746
0.5333
0.3846
0.4731
0.5592
0.4271
0.6910
0.3000
0.7435
0.5940
0.4746
0.6579
0.6181
0.4892
0.8831
0.4000
0.5339
0.4489
0.7945
0.6591
0.3916
0.5921
0.5490
0.4925
0.8328
0.1404
0.6622
0.3396
0.3731
0.0732
0.3898
0.8077
0.2857
0.6450
0.5116
1.0000
0.4909
0.5000
0.4750
0.3529
0.5440
0.4444
0.6875
1.0000
0.2640
0.5102
0.5893
0.7070
0.3288
0.2817
0.5769
0.6724
0.4412
0.6887
0.2619
0.5667
0.5392
0.8333
0.4198
0.6346
0.6250
0.2879
0.5268
0.8251
0.5327
0.5714
0.5408
0.6304
0.4984
0.6370
0.6768
0.8224
0.8684
0.6269
0.7034
0.4500
0.3917
0.5000
0.3258
0.3167
0.7257
0.3784
0.1918
0.2174
1.0000
0.6408
0.6623
0.8864
0.4000
0.5849
0.3955
0.3500
0.5348
0.3778
0.7931
0.3016
0.4033
0.7215
0.6774
0.4783
0.3900
0.7895
0.5631
0.6250
0.6067
0.2558
0.5432
0.7796
0.5833
0.9087
0.6077
0.6167
0.3273
0.6078
0.6101
0.5889
0.6059
0.3511
0.6400
0.4167
0.5863
0.6489
0.2462
0.6479
0.3919
0.5599
0.1860
0.4444
0.4688
0.4570
0.4756
0.6857
0.4557
0.3333
0.5647
0.4682
0.6212
0.5312
0.6432
0.5293
0.3333
0.5761
0.6013
0.4885
0.2759
0.4897
0.6892
0.3617
0.6304
0.5325
0.6216
0.6023
0.4741
0.4563
0.6518
0.4889
0.7708
0.5319
0.3135
0.4643
0.6717
0.6167
0.3908
0.3837
0.7118
0.6031
0.6316
0.4000
0.4476
0.5903
0.6667
0.5256
0.5192
0.5800
0.5227
0.6130
0.6253
0.4888
0.5897
0.7305
0.6854
0.6667
0.5142
0.2222
0.4031
0.6796
0.6659
0.6316
0.4955
0.5359
0.4389
0.3956
0.5600
0.1585
0.4409
0.4750
0.4273
0.6186
0.4050
0.7560
0.5000
0.5893
0.5761
0.7120
0.5824
0.7059
0.4706
0.4434
0.7853
0.2674
0.5283
0.3148
0.7778
0.5480
0.4000
0.3533
0.6114
0.4118
0.3488
0.4375
0.5000
0.2692
0.6003
0.4776
0.4643
0.2593
0.6927
0.4750
0.5816
0.5750
0.3846
0.4286
0.5588
0.5625
0.7222
0.6562
0.6090
0.6935
0.5147
0.5031
0.6471
0.6515
0.4200
0.3250
0.7111
0.5714
0.4640
0.4042
0.7852
0.9198
0.4780
0.4444
0.5518
0.4803
0.7627
0.5833
0.7333
0.4390
0.6788
0.3913
0.6176
0.7509
0.6580
0.2800
0.5534
0.9186
0.4433
0.5135
0.3043
0.3621
0.7077
0.6958
0.5758
0.6290
0.6084
0.7167
0.3964
0.5056
0.4516
0.6447
0.3396
0.4906
0.8160
0.3400
0.5985
0.6543
0.6348
0.5106
0.4286
0.6294
0.5483
0.2974
0.5028
0.2381
0.4279
0.5098
0.6143
0.9437
0.4500
0.4821
0.3068
0.6900
0.5797
0.5291
0.6194
0.6014
0.6930
0.2459
0.6458
0.4662
0.6930
0.7193
0.5942
0.5000
0.6071
0.5000
