0.4043
0.5000
0.2623
0.5938
0.5769
0.3548
0.7099
0.6439
0.3231
0.5379
0.5914
0.2750
0.7143
0.5556
0.4698
0.5944
0.5176
0.6957
0.3333
0.4034
0.7703
0.8966
0.4771
0.3241
0.3795
0.6535
0.6232
0.5660
0.5636
0.5509
0.5968
0.3108
0.5274
0.6648
0.5610
0.3683
0.4259
0.6331
0.6316
0.5742
0.5152
0.3863
0.1143
0.5985
0.5758
0.5193
0.3716
0.4647
0.3595
0.4210
0.5205
0.4955
0.6229
0.3067
0.4605
0.4035
0.5513
0.4630
0.2540
0.3497
0.2108
0.5538
0.5926
0.3333
0.2368
0.6568
0.2051
0.3232
0.5078
0.5317
0.6481
0.1290
0.5061
0.2500
0.5053
0.6541
0.6057
0.4745
0.3786
0.2651
0.6104
0.3567
0.4631
1.0000
0.2944
0.5200
1.0000
0.5500
0.5237
0.5676
0.5423
0.3030
0.4382
0.2794
0.3152
0.3750
0.4004
0.4127
0.6774
0.5867
0.4848
0.2600
0.4800
0.3921
0.5583
0.7019
0.5988
0.8052
0.5721
0.4138
0.6186
0.4855
0.6513
0.6245
1.0000
0.6047
0.3448
0.7966
0.8058
0.5274
0.5056
0.3929
0.4713
0.8814
0.4147
0.6449
0.6083
0.4981
0.4286
0.6591
0.5409
0.3143
0.6905
0.6486
0.3750
0.0588
0.5000
0.2100
0.2655
0.7895
0.5000
0.3971
0.7583
0.6377
0.4444
0.7000
0.6152
0.6215
0.8160
0.2446
0.5312
0.4315
1.0000
0.5322
0.6158
0.2319
0.4884
0.6611
0.7743
0.4768
0.4727
0.3871
0.4545
0.6434
0.4962
0.3103
0.6502
0.4732
0.3151
0.2462
0.4886
0.4350
0.6279
0.5094
0.5379
0.4545
0.3288
0.4545
0.4146
0.6384
0.4087
0.5490
0.8049
0.4458
0.5688
0.3396
0.5134
0.5071
0.2958
0.2800
0.7742
0.4126
0.6440
0.4544
0.5592
0.5941
0.6317
0.2756
0.5923
0.5302
0.5625
0.7111
0.8030
0.5543
0.2523
0.6743
0.7181
1.0000
0.3768
0.5137
0.8144
0.7699
0.7317
0.5068
0.5588
0.9764
0.4524
0.4871
0.6100
0.6505
0.5972
0.1587
0.4138
0.6639
0.3377
0.4788
0.4783
0.5690
0.6038
0.4239
0.3125
0.4375
0.4718
0.7529
0.3818
0.6506
0.4184
0.4025
0.3750
0.3600
0.3709
0.1856
0.4282
0.4071
0.7262
0.5601
0.5775
0.6687
0.5065
0.5042
0.2222
0.5152
0.5085
0.7864
0.3806
0.5620
0.7504
0.3793
0.2041
0.4821
0.3232
0.4752
0.2041
0.4609
0.5432
0.2623
0.6131
0.5152
0.7005
0.6580
0.5122
0.4085
0.3571
0.5072
0.3958
0.3905
0.6913
0.6985
0.1765
0.6699
0.5670
0.6490
0.7174
0.5585
0.7532
0.4507
0.8333
0.5900
0.4714
0.5386
0.2526
0.2941
0.3154
0.4085
0.4545
0.6353
0.4880
0.4924
0.5836
0.3289
0.5068
0.5965
0.7619
0.4091
0.3273
0.5747
0.3871
0.3333
0.4256
0.5654
0.6273
0.2549
0.3563
0.4741
0.3131
0.5294
0.6562
0.7971
0.4151
0.5397
0.4900
0.4643
0.4974
0.5899
0.6292
0.6237
0.2766
0.7024
0.4701
0.3576
0.3749
0.3883
0.6315
0.5526
0.7108
0.4963
0.6132
0.3265
0.4550
0.6732
0.7404
0.5306
0.6441
0.3402
0.6377
0.5874
0.5774
0.5109
0.4483
0.6545
0.8587
0.4680
0.3913
0.5282
0.8571
0.5357
0.6391
0.8403
0.4130
0.5620
0.6703
0.8806
0.4152
0.3710
0.7946
0.5789
0.2727
0.6607
0.3559
0.6520
0.6827
0.5000
0.4643
0.4242
0.7460
0.7358
0.6818
0.2632
0.8134
0.5419
0.5248
0.5757
0.9608
0.3619
0.2535
0.8333
0.2222
0.6953
0.5833
0.2727
0.5906
0.6449
0.3548
0.6747
0.5455
0.4609
0.7917
0.2763
0.4026
0.5529
0.3735
0.6049
0.5824
0.7778
0.5583
0.5519
0.5465
1.0000
0.5625
0.4935
0.6443
0.5729
0.2745
0.7000
0.4303
0.5769
0.7246
0.4314
0.6941
0.3737
0.5978
0.7547
0.5366
0.5455
0.4639
0.4641
0.4262
0.2619
0.3492
0.5323
0.4309
0.3108
0.3167
0.3760
0.3556
0.5856
0.5014
0.6341
0.4019
0.6570
0.5332
0.2923
0.7500
0.4746
0.3684
0.3286
1.0000
0.3882
0.5724
0.9635
0.5109
0.3673
0.4109
0.5838
0.3438
0.5799
0.4483
0.9480
1.0000
0.4464
0.2714
0.4746
0.2500
0.6750
0.8391
0.4689
0.7027
0.7310
1.0000
0.6209
0.1688
0.3164
0.4918
0.5508
0.5488
0.7891
0.4808
0.7976
0.2174
0.4557
0.5216
0.7043
0.3776
0.4691
0.3804
0.3038
0.5875
0.5285
0.3865
0.2692
0.5117
0.4231
0.5102
0.4068
0.4683
0.5521
0.2432
0.4261
0.6674
0.6316
0.6777
0.7778
0.5611
0.3269
0.4474
0.6829
0.5903
0.2883
0.4235
0.3705
0.7120
0.4011
0.7571
0.6888
0.5749
0.5793
0.5674
0.2500
0.5569
0.7593
0.8379
0.2100
0.6696
0.5064
0.7111
0.5379
0.2778
0.6697
0.6608
0.3889
0.5481
0.3684
0.5283
0.4394
0.8452
0.4506
0.3680
0.6039
0.6476
0.4316
0.5703
0.6286
0.6706
0.3542
0.4459
0.5660
0.4105
0.5873
0.5618
0.3176
0.4507
0.8085
0.4070
0.5858
0.6071
0.5600
0.5395
0.5532
0.5745
0.5735
0.7354
0.3539
0.5506
0.4327
0.6885
0.7664
0.2679
0.5343
0.0667
0.4659
0.6824
0.5220
0.7283
0.9444
0.5455
0.1607
0.3333
0.7500
0.2807
0.6519
0.9928
0.6663
0.4000
0.5235
0.5349
0.4636
0.4201
0.5417
0.7368
0.5385
0.2674
0.3500
0.4369
0.6106
0.4550
0.2553
0.5980
0.9773
0.4762
0.3610
0.5296
0.6023
0.4771
0.6168
0.4643
0.5911
0.4742
0.5238
0.5658
0.6107
0.3582
0.2185
0.5659
0.6881
0.5257
0.6333
0.3913
0.4615
0.4247
0.5000
0.7500
0.4841
0.3592
0.6782
0.4783
0.5190
0.5415
0.3893
0.5311
0.5522
0.3673
0.7603
0.1500
0.6242
0.2992
0.3739
0.2195
0.3409
0.5153
0.4310
0.4808
0.3659
0.3571
0.2885
0.5370
0.2292
0.6000
0.3975
0.5923
0.4789
0.3538
1.0000
0.5000
0.3630
0.2693
0.4664
0.9259
0.4844
0.7204
0.8065
0.6458
0.3636
0.6494
1.0000
0.5179
0.3401
0.6000
0.4804
0.5152
0.3506
0.2881
0.5607
0.6382
0.5098
0.7297
0.5470
0.5342
0.1994
0.4226
0.5375
0.6228
0.4889
0.5806
0.7143
0.5417
0.6029
0.5998
0.5025
0.2414
0.4375
0.2628
0.5514
0.5504
0.5541
0.6802
0.5867
0.3231
0.7511
0.4688
0.4839
0.7241
0.3514
0.6941
0.5608
0.6196
0.4077
0.5584
0.6299
0.3491
0.5743
0.5682
0.1455
0.5227
0.3539
0.6412
0.7857
0.5651
0.5278
0.3773
0.7742
0.6528
0.3674
0.4479
0.4397
0.6857
0.5873
0.6250
0.3784
0.5107
0.5688
0.7381
0.4146
0.4606
0.4349
0.3301
0.5714
0.4444
0.5000
0.6129
0.7121
0.5195
0.7900
0.4852
0.4216
0.4789
0.3257
0.7007
0.4364
0.6000
0.6341
0.3867
0.6182
0.5152
0.3792
0.3953
0.6760
0.4667
0.5862
0.0222
0.2917
0.3578
0.5623
0.1690
0.3521
0.4180
0.5096
0.4861
0.5024
0.7232
0.6084
0.4150
0.4533
0.4578
0.3929
0.3830
0.5000
0.5532
0.3400
0.6119
0.6809
0.5184
0.5595
0.3987
0.6133
0.5581
0.8164
0.3638
0.5665
0.7978
0.3357
0.6769
0.7037
0.4578
0.6197
0.6341
0.6488
0.4688
0.2917
0.5694
0.5238
0.7429
0.4639
0.4258
0.6456
0.5608
0.4444
0.1471
0.7586
0.5000
0.2391
0.3521
0.5472
0.5641
0.3513
0.1667
0.3703
0.5813
0.1860
0.3333
0.2971
0.2778
0.1622
0.4884
0.3921
0.4324
0.2644
0.4828
0.4369
0.4324
0.4878
0.2632
0.3733
0.3241
0.3438
0.4535
0.4386
0.5306
0.4516
0.5363
0.3167
0.3833
0.3860
0.4912
0.2569
0.8710
0.6361
0.3491
0.5622
0.6256
0.3433
1.0000
0.4490
0.4479
0.2455
0.4648
0.4984
0.5741
0.7404
0.5337
0.8425
0.8625
0.3617
0.7814
0.5813
0.3134
0.5143
0.6730
0.8330
0.7476
0.3704
0.6193
0.5106
0.4844
0.5275
0.5797
0.4911
0.3938
0.6283
0.4719
0.3772
0.1818
0.4355
0.4048
0.6802
0.5145
0.2660
0.9095
0.3920
0.4713
0.3237
0.4035
0.4792
0.6882
0.4186
0.2745
0.4923
0.3117
0.3913
0.3158
0.5238
0.5213
0.3652
0.6613
0.6786
0.4286
0.7778
0.5753
0.5965
0.4520
0.7283
0.5845
0.3784
0.5375
0.3019
0.5388
0.5133
0.5603
0.2933
0.6582
0.5156
0.4409
0.3913
0.1127
0.9390
0.2712
0.5348
0.4646
0.7812
0.3250
0.5000
0.5849
0.6444
0.5050
1.0000
0.3735
0.4432
0.7325
0.5338
0.3469
0.4000
0.2143
0.1455
0.3516
0.2608
0.5559
0.6415
0.8362
0.6009
0.1304
0.2968
0.5774
0.3324
0.2542
0.0667
0.6072
0.4743
0.4896
0.7453
0.4167
0.5000
0.5595
0.8824
0.6486
0.2989
0.3235
0.7383
0.8045
0.5809
0.2807
0.3051
0.3182
0.3826
0.5865
0.7080
0.5000
0.7044
0.5781
0.6949
0.5815
0.6366
0.5129
0.4473
0.6462
0.4261
0.1875
0.3514
0.8906
0.5729
0.3056
0.5127
0.4444
0.5753
0.4969
0.4416
0.4783
0.5758
0.3958
0.6026
0.8031
0.5632
0.2283
0.4658
0.6591
0.7472
0.8638
0.7523
0.4377
0.4872
0.5161
0.2770
0.4825
0.3177
0.4388
0.6677
0.5558
0.3017
0.4194
0.5938
0.4909
0.5797
0.5051
0.3570
0.7266
0.5945
0.6160
0.4878
0.6024
0.4172
0.4478
0.1628
0.4573
0.4248
0.4808
0.5993
0.5597
0.5104
0.3785
0.6486
0.3434
0.5902
0.4436
0.7041
0.6100
0.6126
0.3165
0.6017
0.5892
0.3333
0.5789
0.3561
0.4962
0.5182
0.6333
0.1613
0.6711
0.4236
0.5039
0.3791
0.4176
1.0000
0.3408
0.2525
0.7236
0.6028
0.5860
0.3257
0.2872
0.4881
0.2857
0.4416
0.3902
0.5490
0.2794
0.3636
0.5773
0.3750
0.8905
0.3810
0.1500
0.5807
0.4314
0.4057
0.5643
0.5827
0.4037
0.3941
0.6000
0.3810
0.4733
0.6905
0.5699
0.6190
0.4600
0.6250
0.6818
0.4444
0.4125
0.4664
0.4094
0.7707
0.6024
0.4398
0.7379
0.5054
0.2973
0.4576
0.4423
0.3386
0.4643
0.3889
0.4358
0.3699
0.5000
0.2170
0.4146
0.4889
0.6022
0.3962
0.5439
0.4231
0.4000
0.4286
0.7660
0.4898
0.7550
0.6360
0.5272
0.6168
0.4694
0.6236
0.4352
0.8119
0.6241
0.4706
0.8889
0.6198
0.6140
0.6485
1.0000
0.6867
0.5000
0.5106
0.2451
0.5455
0.1321
0.4058
0.5000
0.5750
0.4643
0.6795
0.3247
0.1689
0.5985
0.4434
0.7095
0.4962
0.5357
0.9776
0.4259
0.5556
0.4068
0.4313
0.5481
0.5682
0.3592
0.3546
0.2917
0.4101
0.4275
0.7955
0.4367
0.2583
0.5203
0.6356
0.4583
0.2951
0.4647
0.2222
0.4547
0.5209
0.4048
0.6692
0.3704
0.4239
0.2500
0.3929
0.6994
0.5586
0.5227
0.4601
0.4962
0.4274
0.5000
0.6667
0.5684
0.5647
0.6945
0.4842
0.5102
0.5175
0.6213
0.4067
0.4043
0.6675
0.5955
0.4913
0.4167
0.6633
0.2532
0.4667
0.5085
0.4250
0.5600
0.5871
0.5686
0.6574
0.2393
0.5941
0.3582
0.3521
0.6311
0.2759
0.6070
0.4286
0.2162
0.1282
0.1132
0.5526
0.4065
0.6037
0.9905
0.3188
0.5050
0.3043
0.1774
0.6671
0.4281
0.4786
0.5230
0.5079
0.1702
0.2632
0.3722
0.5991
0.2868
0.7963
0.5821
0.6716
0.5429
0.6413
0.6436
0.4844
0.4000
0.5165
0.4138
0.2937
0.5070
0.5649
0.5294
0.5765
1.0000
0.4000
0.4062
0.3333
0.4564
0.5000
0.4600
0.5783
0.9750
0.6327
0.5070
0.5513
0.5557
0.5649
0.4158
0.5309
0.9174
0.5791
0.5294
0.2000
0.4189
0.2788
0.6326
0.5254
0.5484
0.5132
0.8632
0.5090
0.3226
0.3748
0.6886
0.3889
0.6102
0.6879
0.3425
0.3909
0.2903
0.4321
0.1639
0.5373
0.4821
0.4691
0.6071
0.6667
0.3235
0.4248
0.5947
0.2428
0.6429
0.5862
0.4397
0.4231
0.7121
0.4491
0.6073
0.5533
0.8460
0.3155
0.6588
0.6478
0.5667
0.7340
0.6419
0.5745
0.4105
0.3906
0.3077
0.5345
0.6152
0.7026
0.5322
0.5006
0.7887
0.4150
0.8333
0.4960
0.6290
0.6071
0.5524
0.5920
0.1613
0.4319
0.2373
0.5027
0.5298
0.4435
0.5575
0.8133
0.3099
0.3086
0.5589
0.5238
0.4516
0.4310
0.4254
0.4545
0.7000
0.6338
0.5686
0.5556
0.4792
0.5995
0.5811
0.5488
0.6009
0.6344
0.7195
0.8679
0.3814
0.6842
0.5741
0.5492
0.6271
0.5083
0.4070
0.9836
0.3985
0.6092
0.6632
0.7188
0.5600
0.8000
0.5761
0.5390
0.4545
0.1556
0.5139
0.5320
0.2125
0.4600
0.6400
0.3063
0.3932
0.1818
0.2952
0.4386
0.4528
0.5635
0.5606
0.1290
0.4628
0.5466
0.5536
0.3509
0.2963
0.2034
0.3380
0.4844
0.4480
0.5208
0.6227
0.8707
0.6868
0.3332
0.7207
0.6452
0.3000
0.4932
0.5789
0.8065
0.4889
0.4665
0.5448
0.3746
0.4910
0.3415
0.2791
0.4583
0.4309
0.4526
0.1212
0.5792
0.5741
0.4519
0.2576
0.9167
0.3833
0.6944
0.7637
0.6022
0.6119
0.4233
0.4041
0.6667
0.4916
0.4127
0.3088
0.4125
0.4642
0.3754
0.3519
0.6567
0.5203
0.6462
0.3810
0.2421
0.3716
0.4359
0.3960
0.2558
0.4384
0.4298
0.4783
0.7772
0.4440
0.4667
0.5741
0.1034
0.5439
0.7931
0.2051
0.9615
0.8816
0.5196
0.7344
0.8038
0.5238
1.0000
0.5161
0.3537
0.3721
0.5684
0.3737
0.5625
0.8064
0.2105
0.6134
0.5485
0.2712
0.1467
0.5541
0.3571
0.2528
0.2083
0.5838
0.4257
0.5431
0.4872
0.5640
0.6201
0.4251
0.4606
0.6797
0.2500
0.5297
0.4561
0.5748
0.8333
0.9200
0.5028
0.5540
0.3204
0.5263
0.6398
0.5366
0.4867
0.6185
0.4161
0.5814
0.3193
0.6165
1.0000
0.2742
0.4185
0.3494
0.4919
0.9610
0.3056
0.4918
1.0000
0.7052
0.4444
0.2273
0.4843
0.4634
0.2594
0.5548
0.5333
0.5691
0.4266
0.6667
0.4519
0.4978
0.3103
0.5226
0.5059
0.4899
0.5575
0.6350
0.5391
0.2500
0.2545
0.5889
0.3019
0.7097
0.3077
0.5169
0.3210
0.4340
0.6064
0.6000
0.6352
0.4477
0.6610
0.6729
0.5071
0.2765
0.4738
0.8259
0.4550
0.4524
0.5634
0.7317
0.7545
0.5848
0.5677
0.8065
0.4500
0.2137
0.6246
0.3973
0.5146
0.4506
0.5036
0.4526
0.2778
0.3732
0.2609
0.7679
0.6194
0.6912
0.5625
0.4231
0.4615
0.5891
0.5663
0.6154
0.5606
0.6855
0.6194
0.2222
0.5339
0.3891
0.6034
0.9271
1.0000
0.5484
0.3375
0.4737
0.4364
0.6875
0.4388
0.6765
0.3692
0.2700
0.4145
0.6481
0.6176
0.5000
0.6328
0.6061
0.5238
0.6021
0.5335
0.7773
0.5156
0.3013
0.5106
0.6000
0.6879
0.4928
0.6698
0.4486
0.7000
0.8247
0.4289
0.5952
0.6849
0.4152
0.3988
0.5166
0.4662
0.4348
0.4916
0.2832
0.5936
0.4118
0.8571
0.4310
0.3866
0.7592
0.3646
0.5429
0.6145
0.3871
0.4225
0.5783
0.7022
0.1803
0.4464
0.7331
0.3479
0.4653
0.2143
0.6071
0.6635
0.6090
0.2911
0.7957
0.4771
0.8646
0.6374
0.2972
0.5654
0.5882
0.6996
0.3150
0.5000
0.7073
0.5175
0.4191
0.6242
0.5934
0.8511
0.5365
0.5956
0.6937
0.3519
0.4776
0.6589
0.3983
0.5434
0.5957
0.5256
0.3766
0.5439
0.5708
0.5250
0.7222
0.5519
0.4959
0.6812
0.5171
0.4500
0.5426
0.5205
0.7215
0.6791
0.3925
0.7912
0.4396
0.3236
0.6070
0.3733
0.3071
0.4536
0.3492
0.6901
1.0000
0.2829
0.4923
0.5914
0.4247
0.6061
0.4815
0.5447
0.3295
0.4363
0.2821
0.5333
0.5066
0.4718
0.5249
0.4309
0.2806
0.5069
0.3497
0.4268
0.6174
0.4744
0.6982
0.5333
0.5373
0.7973
0.5053
0.5073
0.3889
0.7703
0.5192
0.4737
0.6533
0.2154
0.4639
0.4798
0.6795
0.5680
0.5500
0.3250
0.7174
0.7066
0.5526
0.7604
0.2071
0.5769
0.4004
0.2424
0.7500
0.3288
0.5000
0.6055
0.5476
0.4611
0.6136
0.6659
0.5547
0.5705
0.5623
0.6333
0.5844
0.4776
0.3800
0.4164
0.6301
0.6897
0.6916
0.5164
0.5000
0.3602
0.4140
0.4912
0.6218
0.4329
0.3200
0.4903
0.5490
0.4302
0.5946
0.4553
0.7633
0.4043
0.5135
0.6094
0.6721
0.5962
0.7000
0.7593
0.6082
0.6352
0.4656
0.5579
0.6489
0.5437
0.5472
0.5878
0.3828
0.3936
0.5861
0.2561
0.6839
0.5403
0.5228
0.6068
0.4697
0.6158
0.4789
0.3733
0.6677
0.5609
0.2574
0.4098
0.4800
0.5625
0.7222
0.5028
0.4959
1.0000
0.6857
0.4286
0.4535
0.4040
0.4118
0.3768
0.2105
0.4444
0.4250
0.3291
0.4868
0.3761
0.5026
0.2795
0.4201
0.3944
0.4737
0.2264
0.6913
0.3438
0.5628
0.4718
0.4532
0.5536
0.5000
0.6581
0.5704
0.4375
0.6197
0.2857
0.2328
0.5714
0.5349
0.6127
0.6300
0.5889
0.5492
1.0000
0.6339
0.4677
0.3936
0.7008
0.6205
0.4787
0.6272
0.6790
0.6145
0.7976
0.6257
0.8046
0.6417
0.4113
0.5446
0.2917
0.5385
0.7863
0.4645
0.5000
0.4182
0.5304
0.3770
0.4777
0.5741
0.3333
0.4674
0.4944
0.4385
0.6112
0.2357
0.5625
0.3462
0.5694
0.7083
0.6000
0.5052
0.5714
0.5257
0.4810
0.4357
0.5414
0.3100
0.3933
0.5637
0.6674
0.4181
0.4970
0.5556
0.4639
1.0000
0.4924
0.4808
0.2400
0.7143
0.4701
0.6971
0.3750
0.3818
0.5393
0.6085
0.5149
0.4685
0.4301
0.4944
0.2603
0.6066
0.4545
0.3731
0.5339
0.5526
0.3051
0.4500
0.6716
0.4157
0.6042
0.3596
0.5556
0.5125
0.6667
0.7625
0.4972
0.4746
0.5306
0.4643
0.3676
0.5793
0.5895
0.4255
0.4107
0.4419
0.4688
0.5000
0.5846
0.2000
0.3686
0.4528
0.6250
0.2979
0.4519
0.6154
0.5859
0.6767
0.6226
0.3028
0.5262
0.6385
0.3364
0.2250
0.3901
0.1071
0.6552
0.5597
0.4330
0.5000
0.3564
0.5065
0.4265
0.5393
0.2821
0.2558
0.5556
0.3042
0.4587
0.4403
0.8065
1.0000
0.5000
0.1818
0.6667
0.6000
0.7018
0.5260
0.5519
0.5000
0.9412
0.6050
0.7803
0.3932
0.5219
0.3600
0.6850
0.4262
0.4167
0.4265
0.7255
0.7985
0.2978
0.2321
0.6929
0.3422
0.6014
0.6522
0.5000
0.5385
0.5068
0.6875
0.3421
1.0000
0.6061
0.4358
0.3747
0.7571
0.4000
0.5213
0.6328
0.5538
0.4219
0.5563
0.6203
0.5671
0.5714
0.3086
0.4444
0.5106
0.6083
0.4211
0.5258
0.4306
0.7788
0.8182
0.5283
0.3905
0.5996
0.5691
0.4599
0.5306
0.3881
0.2679
0.5993
0.7810
0.5041
0.5734
0.3898
0.5804
0.6461
0.4354
0.4149
0.5200
0.4348
0.3950
0.4126
0.4862
0.4839
0.4462
0.5926
0.5289
0.4528
0.5814
0.4925
0.4038
0.7802
0.4634
0.5408
0.5792
0.4048
0.6232
0.5524
0.5104
0.4263
0.3886
0.1628
0.4515
0.0847
0.4486
0.4000
0.5416
0.6316
0.4032
0.4857
0.6279
0.6391
0.5889
0.5833
0.5554
0.5000
0.7977
0.6850
0.7385
0.6757
0.5026
0.6842
0.7286
0.1667
0.5287
0.4766
0.6972
0.5722
0.5510
0.5813
0.3548
0.5185
0.4599
0.6250
0.6304
0.5588
0.5795
0.6087
0.6667
0.5321
0.4609
0.3944
0.5132
0.3143
0.4681
0.6991
0.6058
0.6304
0.7115
0.4444
0.5079
0.7429
0.6010
0.3918
0.5526
0.2727
0.2957
0.4747
0.4762
0.5500
0.0909
0.3148
0.2338
0.5724
0.2143
0.1562
0.6247
0.5233
0.7721
0.7368
0.4890
0.7262
0.7124
0.5230
0.4897
0.5375
0.4654
0.5027
0.5987
0.7442
0.2927
0.3200
0.5887
0.5164
1.0000
0.8235
0.5440
0.7547
0.7663
0.4902
0.4516
0.4375
0.5984
0.5700
0.4944
0.5376
0.4762
0.6264
0.7222
0.6118
0.4303
0.5625
0.3497
0.7769
0.4821
0.6060
0.5061
0.4412
0.3788
0.4500
0.6018
0.2222
0.5567
0.3950
0.6556
0.4896
0.3846
0.3837
0.5116
0.4848
0.5597
0.5066
0.4792
0.3770
0.6774
0.5410
0.3527
0.4462
0.6375
0.6304
0.5726
0.5932
0.5653
0.3860
0.2326
0.5696
0.4182
0.4762
0.4111
0.4985
0.5133
0.2222
0.4523
0.6032
0.6984
0.7067
1.0000
0.5767
0.5655
0.4120
0.4554
0.5568
0.6733
0.4225
0.6034
0.3464
0.7018
0.4626
0.6219
0.4470
0.7235
0.4571
0.3228
0.5994
0.6648
0.3341
0.6400
0.3333
0.3859
0.2626
0.3807
0.5213
0.4412
0.5620
0.7414
0.3889
0.4211
0.2628
0.3750
0.4571
0.4900
0.5923
0.5008
0.5263
0.4206
0.4151
0.2731
0.5740
0.4789
0.6045
0.2083
0.5652
0.4963
0.5714
0.6685
0.5203
0.3226
0.4400
0.4886
0.4530
0.4387
0.5038
0.4685
0.5447
0.7000
0.5247
0.6957
0.2332
0.2766
0.5921
0.5000
0.6427
0.6223
0.5106
0.3844
0.9471
0.6205
0.5000
0.7249
0.6493
0.9355
0.5106
0.3065
0.4082
0.5920
0.4674
0.3846
0.7056
0.4791
0.2711
0.8563
0.4379
0.4844
0.5826
0.5813
0.5574
0.6392
0.2929
0.2576
0.4296
0.5196
0.5733
0.6727
0.5265
0.5781
0.5208
0.4627
0.4811
0.5977
0.4837
0.6396
0.2075
0.5041
0.3464
0.3978
0.4741
0.6071
0.4800
0.3013
0.4261
0.5499
0.4146
0.5391
0.4519
0.5460
0.4211
0.7358
0.5700
0.1765
0.5353
0.6107
0.4016
0.9104
0.5556
0.5682
0.5544
0.3036
0.4400
0.4798
0.3801
0.7747
0.2990
0.4324
0.3634
0.4647
0.2812
0.5745
0.4468
0.2985
0.1864
0.7273
0.6612
0.2778
0.6143
0.5339
0.4000
0.5208
0.6215
0.3629
0.2857
0.4415
0.6119
0.5139
0.3016
0.5381
0.3765
0.3333
0.6452
0.6177
0.6380
0.5985
0.5278
0.4222
0.4008
0.2611
0.4545
0.3267
0.4225
0.4761
0.6255
0.7746
0.7045
0.4398
0.5000
0.3025
0.5699
0.3165
0.8611
0.3038
0.6157
0.3175
0.2626
0.2609
0.4773
0.4193
0.5051
0.4138
0.4542
0.2862
0.5444
0.4675
0.6181
0.3947
1.0000
0.6406
0.6360
0.5552
0.5216
0.8404
0.5068
0.5911
0.5718
0.8472
0.8328
0.5060
0.4127
0.6667
0.4292
0.3429
0.6277
0.5636
0.5660
0.4030
0.6640
0.7707
0.5105
0.5819
0.2139
0.4579
0.3639
0.6726
0.3175
0.5588
0.5000
0.6463
0.3181
0.5676
0.5184
0.5357
0.4440
0.7101
0.4951
0.5431
0.3315
0.6235
0.4248
0.3155
0.4203
0.4184
1.0000
0.6337
0.3478
0.6150
0.1757
0.3519
0.0435
0.5862
0.6838
0.4500
0.2411
0.4694
0.4770
0.5969
0.5087
0.7169
0.4023
0.5541
0.3846
0.4706
0.3361
0.6537
0.1667
0.3571
0.5581
0.3115
0.2667
0.8571
0.3314
0.5426
0.2857
0.3158
0.2979
0.4483
0.5732
0.4186
0.3810
0.3529
0.3462
0.6648
0.5455
0.6154
0.5625
0.4912
0.5019
0.4856
0.4052
0.5741
0.4399
0.5385
0.3889
0.5584
0.4235
0.7484
0.8630
0.6234
0.4857
0.4548
0.5598
0.5496
0.5833
0.6086
0.5060
0.7442
0.7607
0.2621
0.5678
0.8481
0.5659
0.4911
0.6165
0.3333
0.3247
1.0000
0.5954
0.5604
0.6842
0.3708
0.5349
0.5833
0.4531
0.8113
0.7671
0.2239
0.5271
0.4380
0.5014
0.5695
0.6538
0.4412
0.4419
0.8182
0.5041
0.5612
0.4624
0.3664
0.3774
0.4590
0.5224
0.4809
0.5487
0.3871
0.2581
0.5088
0.5233
0.4835
0.5409
0.4595
0.4483
0.6528
0.4795
0.3000
0.5686
0.6538
0.4337
0.5357
0.6099
0.5533
0.5722
0.7624
0.6165
0.6465
0.4851
0.6735
0.4774
0.6637
0.5808
0.5869
0.4180
0.3787
0.5739
0.4545
0.5128
0.5982
0.3424
0.6255
0.2616
0.5881
0.6846
0.4031
0.5795
0.3620
0.2522
0.2623
0.5571
0.4545
0.2597
0.5751
0.2787
0.5060
0.3822
0.3750
0.5000
0.2600
0.2195
0.4848
0.5004
0.3429
0.3819
0.4010
0.4328
0.1863
0.5133
0.5139
0.5909
0.6578
0.5158
0.2590
0.5319
0.5664
0.1455
0.1282
0.2578
0.3338
0.6170
0.9020
0.3333
0.5238
0.7559
0.2982
0.6123
0.4439
0.6364
0.4663
0.4831
0.5217
0.4554
0.9608
0.4571
0.3810
0.5738
0.6189
0.5029
0.6976
0.6592
0.3636
0.4094
0.4444
0.7097
0.3111
0.2689
0.3358
0.4910
0.4972
0.2464
0.7214
0.4909
0.4848
0.4239
0.4611
0.4000
0.5725
0.6555
0.3971
0.6073
0.7619
0.2917
0.5783
0.4815
0.6014
0.4802
0.7122
0.5708
0.7310
0.7678
0.4685
0.9464
0.5591
0.2556
0.4062
0.5332
0.2778
0.6333
0.4167
0.6907
0.8056
0.7438
0.9069
0.4894
0.4911
0.2097
0.3056
0.2593
0.4913
0.4850
0.3243
0.7500
0.3582
0.3735
0.5778
0.5888
0.7065
0.5526
0.4167
0.7994
0.5729
0.5397
0.3181
0.1808
0.5236
0.4840
0.5912
0.4815
0.5015
0.3946
0.4599
0.4758
0.4629
0.4495
0.6293
0.6522
0.6360
0.7143
0.5109
0.3686
0.4382
0.5860
0.7490
0.2400
0.5989
0.4500
0.5250
0.5789
0.4348
0.3564
0.7485
0.2793
0.5175
0.4017
0.5260
0.6392
0.6947
0.3432
0.7296
0.5537
0.5758
0.7726
0.4429
0.4316
0.8182
0.3729
0.4853
0.7191
0.8873
0.5880
0.3684
0.4304
0.7879
0.4507
0.5367
0.5366
0.5490
0.3450
0.7020
0.4479
0.3295
0.4974
0.6083
0.4524
0.6447
0.5217
0.5803
0.4257
0.4779
0.4876
0.4454
0.2604
0.6648
0.3409
0.4375
0.7846
0.6397
0.2941
0.5819
0.4018
0.4987
0.3365
0.5000
0.6121
0.6313
0.4440
0.3659
0.5725
0.5305
0.5453
0.5660
0.7998
0.4866
0.6208
0.5254
0.4946
0.5000
0.5288
0.5965
0.5720
0.4452
0.8750
0.5417
0.6504
0.3697
0.5600
0.6289
0.6519
0.5645
0.4788
0.5254
0.4032
0.4241
0.5148
0.3500
0.5553
0.5455
0.6429
0.5476
0.5219
0.5000
0.3750
0.6685
0.3757
0.4708
0.3043
0.4435
0.5182
0.4325
0.3843
0.6738
0.5748
0.3265
0.6024
0.5265
0.5802
0.5914
0.4416
0.6920
0.5510
0.6905
0.4615
0.4792
0.5318
0.3946
0.4565
0.3413
0.4615
0.5000
0.4977
0.4321
0.2639
0.3863
0.5228
0.4001
0.7046
0.3160
0.5282
0.4215
0.4316
0.5205
0.4449
0.2254
0.5294
0.5132
0.4362
0.5610
0.6019
0.5957
0.7336
0.4947
0.5977
0.6667
0.6667
0.6250
0.7959
0.4045
0.3800
0.2800
0.4359
0.5598
0.5294
0.3933
0.3103
0.5714
0.4043
0.8226
0.6505
0.4205
0.8750
0.4841
0.5413
0.8306
0.3125
0.3629
0.3600
0.9720
0.5902
0.7335
0.6504
0.6125
1.0000
0.5000
0.5478
0.5250
0.5221
0.5464
0.0889
0.4050
0.3913
0.4452
0.7210
0.2849
0.4952
0.2308
0.5995
0.5768
0.2885
0.2115
0.3521
0.6260
0.7941
0.5323
0.6709
0.5918
0.3548
0.1429
0.6505
0.2273
0.6329
1.0000
0.5924
0.3688
0.3546
0.4991
0.4545
0.5512
0.2974
0.2660
0.3154
0.2924
0.6000
0.4074
0.6066
0.3750
0.5919
0.5147
0.6000
0.4583
0.2939
0.7299
0.4628
0.6571
0.3235
0.5968
0.4591
0.4000
0.3063
0.4940
0.5120
0.6879
0.3788
0.6290
0.7525
0.2982
0.1525
0.5480
0.3571
0.3003
0.4322
0.4304
0.4917
0.5926
0.3984
0.7703
0.4592
0.4571
0.8364
0.5557
0.5839
0.4948
0.5464
0.4711
0.4286
0.3714
0.4615
0.6250
0.7800
0.4271
0.4903
0.4867
0.6776
0.7576
0.6554
0.6586
0.5000
0.3559
0.6250
0.3800
0.5789
1.0000
0.6023
0.2000
0.8070
0.9348
0.4800
0.5059
0.8452
0.6597
0.6919
0.3444
0.5237
0.4184
0.5333
0.6901
0.4026
0.4914
0.4211
0.5523
0.5850
0.8150
0.6154
0.4222
0.5469
0.4276
0.4868
0.8000
0.6006
0.7031
0.5128
0.4128
0.5628
0.2750
0.3951
0.4367
0.7161
0.5093
0.3676
0.1552
0.5068
0.5429
0.4038
0.4000
0.4242
0.5427
0.4254
0.4333
0.6522
0.5758
0.2222
0.3571
0.5761
0.5262
0.3460
0.5600
0.9333
0.5211
0.4468
0.4130
0.3864
0.3750
0.3041
0.7976
0.6133
0.1579
0.6207
0.2855
0.5722
0.5500
0.4847
0.5191
0.5949
0.2411
0.5359
0.5510
0.5263
0.6348
0.6152
0.7418
0.7338
0.3571
0.3266
0.7000
0.3271
0.6727
0.3514
0.5000
0.4773
0.4262
0.1373
0.5714
0.3690
0.8109
0.4828
0.4146
0.4667
0.2540
0.2035
0.8333
0.4792
0.5450
0.4797
0.4000
0.4500
0.3714
0.7049
0.4895
0.4571
0.4012
0.2421
0.5439
0.4333
0.4651
0.4528
0.6491
0.5108
0.6510
0.6066
0.5211
0.3896
0.6604
0.5254
0.4139
0.6668
0.8283
0.5000
0.6074
0.6003
0.4048
0.4397
0.5555
0.6250
0.5077
0.5510
0.4167
0.4842
0.5405
0.2210
0.3529
0.3313
0.6626
0.6255
0.2857
0.8646
0.6190
0.7143
0.2200
0.3911
0.8157
0.3962
0.5864
0.3321
0.0455
0.4333
0.5636
0.1562
0.4329
0.4657
0.6107
0.4314
0.6066
0.5776
0.3621
0.3458
0.1429
0.5000
0.2176
0.5882
0.3019
0.4741
0.4603
0.5816
0.2195
0.2821
0.1957
0.5385
0.2759
0.4882
0.8231
0.4861
0.3220
0.2308
0.2742
0.5665
0.4031
0.3729
0.5400
0.1833
0.5580
0.6957
0.4267
0.6702
0.6071
0.5663
0.7798
0.2907
0.3655
0.7481
0.8615
0.7836
0.7024
0.4567
0.4211
0.5751
0.7758
0.7198
0.3736
0.5238
0.5455
0.8526
0.4252
0.3898
0.5877
0.5491
0.4970
0.8036
0.4545
0.5741
0.0000
1.0000
0.3298
0.4138
0.2600
0.1741
0.3095
0.5309
0.3456
0.4503
0.2273
0.4057
0.2115
0.1854
0.4800
0.6486
0.4806
0.5302
0.4292
0.2308
0.4693
0.0750
0.5436
0.5846
0.5811
0.4474
0.4815
0.4945
0.1915
0.4945
0.3103
0.5774
0.6707
0.5515
0.3913
0.6712
0.2333
0.5645
0.6543
0.4085
0.5000
0.4231
0.4229
0.7788
0.6265
0.4487
0.4180
0.6235
0.2143
0.6716
0.3333
0.5231
0.4902
0.4000
0.1967
0.2893
0.7639
0.5405
0.4545
0.4432
0.4521
0.4884
0.4571
0.3974
0.4918
0.4835
0.4921
0.4869
0.5694
0.8581
0.3111
0.5066
0.5578
0.4839
0.6032
0.5663
0.7910
0.2394
0.6571
0.6959
0.6238
0.4318
0.6518
0.2456
0.4043
0.6224
0.3462
0.7066
0.4433
0.6443
0.3839
0.6136
0.6160
1.0000
0.2400
0.7294
0.5903
0.5125
1.0000
0.4526
1.0000
0.5161
0.4884
0.3847
0.5780
0.4526
0.4655
0.6948
0.5115
1.0000
0.5312
0.5824
0.8077
0.1429
0.5254
0.4878
0.4373
0.2258
0.7639
0.5257
0.5079
0.5756
0.4458
0.6543
0.5619
0.4915
0.6491
0.3973
0.5265
0.6086
0.6579
0.4133
0.7486
0.3874
0.4720
0.4452
0.4525
0.4303
0.6000
0.3663
0.5000
0.4390
0.5374
0.4519
0.5135
0.6495
0.5902
0.5432
0.9231
0.4565
0.4905
0.4286
0.6740
0.3793
0.2917
0.0857
0.3805
0.2639
0.5211
0.5770
0.4762
0.4605
0.5000
0.4328
0.4506
0.2673
0.4839
0.5639
0.9815
0.4286
0.0282
0.7083
0.2985
0.3306
0.2544
0.3506
0.6742
0.5140
0.3924
0.5913
0.4327
0.4359
0.6579
0.4167
0.5913
0.5556
0.2798
0.5109
0.4427
0.2687
0.4261
0.4136
0.5063
0.6730
0.3013
0.6176
0.6520
0.5823
0.6429
0.4860
0.5742
0.5167
0.4587
0.7677
0.3922
0.3862
0.3385
0.2786
0.4167
0.2632
0.4474
0.4351
0.4569
0.2944
1.0000
0.2763
0.6300
0.2802
0.7931
0.4444
0.3621
0.5303
0.1034
0.1881
0.4682
0.3750
0.3733
0.6021
0.7121
0.7500
0.3600
1.0000
0.6534
0.2950
0.5611
0.2411
0.4379
0.4208
0.7116
0.5493
0.6019
0.5641
0.5507
0.8609
0.5400
0.7836
0.3596
0.4744
0.5185
0.2500
0.3866
0.3722
0.3870
0.6390
0.4754
0.5998
0.5067
0.5846
0.7288
0.5789
0.4286
0.3750
0.6810
0.6100
0.5686
0.3705
0.7596
0.5548
0.2750
0.5787
0.4395
0.1549
0.6018
0.3103
0.5275
0.5955
0.3874
0.4356
0.4727
0.6316
0.4574
0.4948
0.4468
0.5745
0.6538
0.6294
0.2714
0.7047
0.8183
0.5077
0.4000
0.5619
0.9911
0.4146
0.7500
0.4925
0.3435
0.4248
0.4783
0.4000
0.4135
0.4167
0.6614
0.5600
0.4359
0.4699
0.3085
0.5377
0.4291
0.5190
0.6230
0.7541
0.7616
0.7035
1.0000
0.6939
0.2113
0.5345
0.6702
0.3770
0.3043
0.3770
0.3409
0.4215
0.3390
0.4688
0.4485
0.3214
0.4790
0.4871
0.4824
0.1724
0.1714
0.5163
0.4443
0.4633
0.6036
0.4255
0.5148
0.5299
0.6721
0.8795
0.7445
0.3675
0.5909
0.0455
0.2853
0.4062
0.4298
0.2583
0.3404
0.3457
0.3617
0.6899
0.4716
0.4242
0.3592
0.6013
0.2045
0.3793
0.6410
0.6000
0.5393
0.7644
0.6095
0.2591
0.4686
0.6724
0.3023
0.4483
0.5176
0.5498
0.4927
0.2319
0.3333
0.3971
0.4189
0.5479
0.3063
0.3829
0.5959
0.4783
0.5457
0.9000
0.7200
0.5455
0.4937
0.2604
0.8498
0.4341
0.4742
0.5955
0.3641
0.5656
0.5235
0.4865
0.5179
0.6139
0.0000
0.5509
0.4500
0.1818
0.6500
0.1000
0.3214
0.4123
0.7388
0.9104
0.6777
0.1098
0.4130
0.4629
0.3732
0.5008
0.2083
0.5194
0.5033
0.0476
0.2706
0.3750
0.4646
0.4264
0.2308
0.6117
0.5768
0.2917
0.5696
0.1190
0.2447
0.3364
0.8485
0.2222
0.6364
0.4792
0.4922
0.3517
0.2115
0.3735
0.3931
0.6849
0.2626
0.8033
0.2163
0.5473
0.5332
0.5243
0.4201
0.3214
0.3524
0.3151
0.3103
0.3095
0.2400
0.5682
0.3519
0.5500
0.6727
0.6226
0.4328
0.6081
0.5849
0.4452
0.6908
0.4954
0.4997
0.5875
0.4773
0.4729
0.7544
0.6786
0.5556
0.5000
0.3846
0.4667
0.5662
0.4835
0.6087
0.6398
0.5114
0.6563
0.4602
0.3377
0.7292
0.4476
0.3625
1.0000
0.6322
0.5970
0.4808
0.7415
0.5988
0.6269
0.2009
0.6672
0.5000
0.4738
1.0000
0.2429
0.6111
0.6156
0.3946
0.5204
0.4475
0.5878
0.4286
0.5610
0.7472
0.3311
0.6418
0.4674
0.5469
0.3750
0.2105
0.6829
0.5963
0.6482
0.6264
0.5739
0.5953
0.5109
0.5766
0.4952
0.3971
0.4524
0.3820
0.2843
0.6214
0.5803
0.3721
0.5680
0.7334
0.4486
0.7456
0.4436
0.5596
0.9524
0.4956
0.8392
0.6029
0.6367
0.4455
0.8684
0.6382
0.7663
0.4184
0.5347
0.8442
0.1351
0.3708
0.6812
0.5062
0.3971
0.6018
0.5188
0.8092
0.5210
0.5861
0.4394
0.6050
0.6089
0.5667
0.6176
0.3750
0.6923
0.5127
0.4653
0.4583
0.4871
0.4266
0.6550
0.4211
0.3696
0.5294
0.4371
0.5769
0.3867
0.4514
0.2766
0.8667
0.5247
0.5794
0.5741
0.5778
0.5052
0.6040
0.5729
0.5566
0.6993
0.6175
0.8036
0.7250
0.1519
0.5000
0.6479
0.0357
0.3000
0.9615
0.4444
0.4513
0.8020
0.4783
0.7981
0.5273
0.6597
0.6061
0.6102
0.5600
0.5721
0.5000
0.9763
0.4531
0.8756
0.5417
0.3846
0.5263
0.5925
0.3388
0.3482
0.7825
0.4237
0.6866
0.2131
0.4829
0.4863
0.6809
0.6616
0.7154
0.5755
0.4851
0.6215
0.5741
0.4835
0.5902
0.4839
0.5481
0.7454
0.7720
0.4000
0.4102
0.5613
0.4286
1.0000
0.5417
0.3494
0.5763
1.0000
0.3214
0.4444
0.3654
0.6832
0.4757
0.3962
0.4308
0.3953
0.4643
0.4708
0.3381
0.5495
0.5357
0.4839
0.6332
0.5402
0.2685
0.6631
0.9169
0.5450
0.4801
0.4000
0.2903
0.3780
0.6125
0.5556
0.8141
0.5000
0.3822
0.5896
0.6501
0.3563
0.3862
0.4207
0.5503
0.5408
0.3814
0.5840
0.6390
0.6838
0.5938
0.4811
0.4898
0.2222
0.6571
0.3500
0.4227
0.5737
0.3457
0.3894
0.5146
0.1389
0.2955
0.3462
0.3417
0.5493
0.3467
0.5600
0.5019
0.4412
0.6556
0.4711
0.5550
0.5763
0.5227
0.3333
0.7013
0.4458
0.3531
0.8156
0.4604
0.5953
0.5355
0.4887
0.6754
0.6299
0.2714
0.4481
0.4762
0.8676
0.4821
0.6250
0.4351
0.4332
0.9487
0.4807
0.5079
0.6034
0.4241
0.4590
0.6000
0.5427
0.2632
0.7350
0.3805
0.3571
0.8649
0.4000
0.5883
0.5070
0.6827
0.6974
0.7547
0.4881
0.5571
0.8226
0.5222
0.5200
0.3333
0.5152
0.6821
0.5000
0.2308
0.2542
0.5432
0.5938
0.5784
0.4909
0.6857
0.6081
0.7364
0.8434
0.7500
0.8304
0.2692
0.3934
0.5000
0.8688
0.4658
0.4026
0.2680
0.5700
0.4860
0.5294
0.5448
0.5704
0.7333
0.6846
0.3199
0.6744
0.7527
0.5095
0.3235
0.7236
0.4333
0.5484
0.5000
0.7823
0.3333
0.2321
0.6216
0.6488
0.5000
0.7295
0.6829
0.2817
0.5016
0.5185
0.6776
0.6429
0.3607
0.7190
0.4513
0.4033
0.4762
0.5900
0.5361
0.5630
0.4565
0.5173
0.4643
0.6257
0.4964
0.7042
0.2576
0.4329
0.3488
0.6959
0.8917
0.2247
0.4961
0.4950
0.6282
0.6033
0.7018
0.3250
0.4827
0.5122
0.2639
0.3889
0.2703
0.8613
0.5357
0.4962
0.3607
1.0000
0.7143
0.6429
0.6021
0.3707
0.6842
0.5278
0.6377
0.6026
0.8353
0.8854
0.8070
0.5841
0.7097
0.6153
0.8920
0.7940
0.2778
0.4226
0.4824
0.7066
0.5952
0.6891
0.6381
0.8388
0.7342
0.7156
0.6533
0.7447
0.7146
0.4937
0.3868
0.3117
0.4929
0.5756
0.4906
0.3043
0.6064
0.5240
0.1471
0.2959
0.4651
0.1860
0.3680
0.4608
0.3077
0.1400
0.7692
0.4833
0.5806
0.7583
0.3861
0.1964
0.5629
0.7408
0.8213
0.4500
0.3602
0.2407
1.0000
0.5873
0.5254
0.5671
0.4828
0.6648
0.4391
0.8333
0.5938
0.4931
0.3875
0.4000
0.4702
0.5750
0.5959
0.4417
0.4282
0.8500
0.5000
0.5932
0.5852
0.6579
0.4694
0.5693
0.5763
0.6797
0.5086
0.5556
0.6258
0.6343
0.4286
0.3078
0.3684
0.7031
0.7130
0.4235
0.4848
0.5000
0.2105
0.8452
0.2113
0.3467
0.1875
0.6026
0.7894
0.6356
0.3462
0.6725
0.4944
0.7797
0.2604
0.4994
0.4937
0.3962
0.4352
0.3902
0.5615
0.4119
0.4495
0.5245
0.8095
0.4848
0.7810
0.4674
0.4929
0.4783
0.2763
0.5495
0.4304
0.9557
0.7348
0.2121
0.7338
0.6143
0.4474
0.3065
0.1316
0.4913
0.2964
0.4619
0.4810
0.4595
0.4104
0.5506
0.5035
0.4891
0.5788
0.2788
0.6843
0.3711
0.4082
0.9048
0.5135
0.0909
0.5789
0.4627
0.6506
0.3778
0.0625
0.5821
0.4292
0.4556
0.6154
0.7927
0.6351
0.5526
0.3833
0.7299
0.5713
0.5164
0.4011
0.5357
0.6483
0.3849
0.3511
0.5175
0.3434
0.4731
0.6735
0.3733
0.4965
0.3929
0.4769
0.5727
0.7034
0.4106
0.0000
0.3944
0.5351
0.7115
0.6129
0.6386
0.4286
0.4889
0.3548
0.4933
0.5060
0.3864
0.4176
0.6986
0.8387
0.4191
0.6667
1.0000
0.4286
0.7188
0.5017
0.4833
0.7000
0.6864
0.6845
0.7064
0.6715
0.4857
0.4486
0.5420
0.6893
0.5714
0.4410
0.3350
0.3469
0.8400
0.3462
0.6944
0.5806
0.4725
0.2421
0.3696
0.5333
0.9423
0.5773
0.3267
0.2432
0.4514
0.5000
0.4730
0.5583
0.6450
0.5156
1.0000
0.7703
0.6329
0.4918
0.3493
0.5800
0.8441
0.6769
0.3788
0.3674
0.6042
0.9875
0.2917
0.4855
0.4118
0.5247
0.6571
1.0000
1.0000
0.3202
0.1951
0.5222
0.4706
0.4375
0.6860
0.5000
0.4091
0.4839
0.6216
0.7768
0.5797
0.5964
0.6869
0.4540
0.8333
0.1519
0.4706
0.5775
0.6714
0.5000
0.5584
0.5263
0.5309
0.4825
0.6762
0.7500
0.4389
0.3333
0.4803
0.6447
0.4430
0.4627
0.4058
0.6197
0.5139
0.6750
0.2333
0.6957
0.6351
0.4805
0.5918
0.5287
0.4028
0.4481
0.5345
0.6082
0.4128
0.4200
0.3659
0.6186
0.5461
0.4511
0.3333
0.5769
0.3968
0.5000
0.2727
0.4469
0.5263
0.6667
0.5400
0.3650
0.5137
0.4800
0.5102
0.5159
0.4892
0.2703
0.4316
0.4722
0.3898
0.5596
0.6517
0.3189
0.6111
0.4779
0.6386
0.7778
0.4120
0.3996
0.5250
0.7353
0.4405
0.3596
0.6076
0.2069
0.7273
0.5342
0.5817
0.3913
0.5940
0.8255
0.6375
0.6579
0.5522
0.7885
0.5835
0.3471
0.5766
0.5000
0.6091
0.6809
0.8655
0.5556
0.5733
0.4021
0.5000
0.7594
0.5142
0.4792
0.4000
0.4248
0.6037
0.1190
0.4704
0.7394
0.5614
0.4208
0.4534
0.7076
0.6587
0.4915
0.5417
0.4742
0.7070
0.5183
0.5319
0.4900
0.4828
0.4256
0.5711
0.6638
0.7123
0.4852
0.1667
0.5259
0.5047
0.6458
0.6731
0.4035
0.3993
0.0938
0.5757
0.4457
0.4000
0.3117
0.5882
0.3333
0.4722
0.5748
0.5051
0.4397
0.3467
0.3316
0.3734
0.3338
0.5050
0.5044
0.5047
0.2929
0.3757
0.4749
0.6216
0.4522
0.4618
0.7507
0.7439
0.7944
0.5294
0.6140
0.4110
0.8700
0.1467
0.5100
0.8333
0.8659
0.2727
0.8807
0.5000
0.5600
0.4634
0.3182
0.2821
0.4462
0.4833
0.6110
0.4929
0.9259
0.3535
0.3636
0.4727
0.7981
0.5000
0.4415
0.7779
0.5352
0.3251
0.1818
0.2778
0.1818
0.4589
0.5369
0.6585
0.5000
0.7143
0.4898
0.3802
0.5282
0.2771
0.7154
0.3226
0.3746
0.6951
0.5561
0.6047
0.4583
0.4868
0.6243
0.3365
0.2719
0.4353
0.6667
0.4714
0.5732
0.1818
0.3325
0.4286
0.1136
0.2764
0.5662
0.6377
0.5828
0.5218
0.4375
0.3200
0.4167
0.7212
0.6066
0.3819
0.4255
0.4836
0.8729
0.5324
0.8000
0.3854
0.1176
0.3407
0.8822
0.4674
0.4966
0.2857
0.8889
0.5522
0.6566
0.6895
0.4070
0.6014
0.4373
0.3667
0.0909
0.3472
0.6016
0.3781
0.6347
0.3571
0.6276
0.6667
0.7634
0.8529
0.5536
0.5435
0.3621
0.4840
0.4578
0.4728
0.4869
0.4050
0.5656
0.4608
0.7124
0.4389
0.6071
0.7167
0.3519
0.3908
0.3478
0.2667
0.3914
0.4359
0.5860
0.5373
0.2500
0.3611
0.6554
0.2898
0.3938
0.6131
0.2628
0.2050
0.4928
0.1579
0.2041
0.3108
0.7153
0.6122
0.3167
0.5425
0.3089
0.4444
0.3641
0.6103
0.2926
0.2000
0.5322
0.6322
0.3714
0.7048
0.3125
0.4558
0.3333
0.5290
0.6278
0.0851
0.3390
0.4249
0.5761
0.5000
0.3026
0.2000
0.5294
0.4018
0.4647
0.6765
0.9200
0.2051
0.4681
0.2622
0.6238
0.6400
0.3731
0.7632
0.3175
0.4074
0.4051
0.5612
0.7075
0.4615
0.6071
0.2708
0.3333
0.3720
0.5833
0.5969
0.0851
0.4996
0.4767
0.5104
0.7000
0.2939
0.2500
0.3571
0.6583
0.3600
0.6777
0.5750
0.3925
0.2005
0.6715
0.4148
0.5998
0.6906
0.4024
0.4400
0.3500
0.7568
0.3371
0.5502
0.1638
0.7366
0.5006
0.5143
0.5589
0.5253
0.4982
0.6313
0.2588
0.4756
0.2973
0.5990
0.1250
0.4000
0.2468
0.3095
0.4138
0.4003
0.2778
0.3036
0.7788
0.3866
0.5000
0.3929
0.6629
0.3644
0.5714
0.5804
0.5703
0.3279
0.5898
0.5323
0.5073
0.5116
0.3307
0.6608
0.5514
0.6667
0.4270
0.6898
0.5709
0.0909
0.6736
0.5265
0.9848
0.4616
0.4000
0.4733
0.7667
0.5789
0.5122
0.4839
0.6748
0.6394
0.9590
0.3548
0.6058
0.7700
0.5172
0.9487
0.5952
0.5000
0.6157
0.5652
0.4600
0.3770
0.3738
0.5637
0.3333
0.3906
0.8409
0.5703
0.4831
0.8269
0.5644
0.1000
0.8032
0.5000
0.5059
0.2810
0.8651
0.6389
0.7712
0.4663
0.6038
0.3902
0.6081
0.4122
0.3725
0.6753
0.5490
0.4831
0.4269
0.3176
0.5769
0.5230
0.5068
0.6955
0.3690
0.5164
0.4385
0.3239
0.4053
0.4740
0.4381
0.1633
0.5370
0.4129
0.6636
1.0000
0.6357
0.0938
0.4446
0.7539
0.6964
0.5500
0.7481
0.4091
0.2143
0.2917
0.4412
0.4976
0.4853
0.6184
0.2174
0.4986
0.4704
0.5110
0.2208
0.3780
0.3472
0.4289
0.4852
0.3893
0.3132
0.4857
0.4838
0.4306
0.4000
0.3862
0.3636
0.7655
0.5000
0.3492
0.5704
0.5667
0.6830
0.6466
0.8505
0.5196
0.2353
0.5139
0.5757
0.3571
0.4388
0.5104
0.6520
0.5811
0.6957
0.4375
0.6754
0.5761
0.6216
0.5156
0.5965
0.4411
0.6151
0.6071
0.5457
0.6786
0.4717
0.6874
0.4738
0.5451
0.1652
0.7393
0.4222
0.5278
0.6103
0.7684
0.4917
0.4531
0.9385
0.2097
0.3765
0.3333
0.2593
0.3125
0.7069
0.3721
1.0000
0.3023
0.8222
0.2533
0.4674
0.5955
0.4524
0.2500
0.1977
0.3730
0.4934
1.0000
0.2558
0.6875
0.3036
0.5385
0.4595
0.6757
0.3111
0.7061
0.3249
0.6176
0.7586
0.3089
0.4655
0.7303
1.0000
0.5909
0.4829
0.5952
0.4436
0.4727
0.1429
0.5997
0.5958
0.6426
0.5851
0.3983
0.6377
0.3333
0.3790
0.7826
0.8548
0.4518
0.5145
0.2821
0.5664
0.4928
0.7556
0.6486
0.5600
0.7306
0.4261
0.3439
0.7458
0.6389
0.8529
0.4864
0.5724
0.3438
0.4704
0.3636
0.4681
0.3214
0.2727
0.4699
0.4349
0.3679
0.5505
0.5960
0.3770
0.5381
0.2500
0.5532
0.5000
0.4167
0.5312
0.5694
0.5397
0.5300
0.4385
0.2768
0.3115
0.4167
0.5568
0.7089
0.2667
0.6667
0.2727
0.3125
0.5573
0.8171
0.5037
0.5714
0.4478
0.4701
0.5167
0.4249
0.4432
0.5429
0.6396
0.4699
0.3637
0.5333
0.5422
0.3291
0.4028
0.4362
0.3563
0.5004
0.3667
0.6250
0.6333
0.5050
0.6398
0.3905
0.5748
0.4851
0.6383
0.5949
0.4242
0.7590
0.4630
0.2909
0.4677
0.7560
0.3152
0.3329
0.5276
0.6739
0.3566
0.5000
0.6556
0.4556
0.4916
0.2784
0.5240
0.3776
0.9500
0.2985
0.3750
0.4538
0.5571
0.6369
0.5936
0.3770
0.7719
0.3539
0.4444
0.3584
0.8059
0.3312
0.3708
0.5892
0.7537
0.1803
0.4745
0.7677
0.4684
0.7127
0.7422
0.8070
0.6327
0.5000
0.7073
0.4211
0.2934
0.4825
0.3417
0.4301
0.6800
0.6706
0.2388
0.4386
0.6860
0.6605
0.3953
0.5556
0.5200
0.6410
0.4559
0.7190
0.6014
0.6047
0.3817
0.4444
0.5286
0.4286
0.5660
0.7695
0.5060
0.6335
0.5754
0.4805
0.6038
0.4559
0.3571
0.4596
0.3438
0.5758
0.4414
0.2571
0.6184
0.7778
0.2727
0.3800
0.5382
0.6559
0.6601
0.4359
0.5465
0.5625
0.4375
0.5373
0.5891
0.5105
0.4306
0.5517
0.4939
0.6022
0.4559
0.3400
0.4440
0.5299
0.6727
0.5562
0.6600
0.3426
0.6526
0.5519
0.5029
0.8673
0.5287
0.5906
0.5455
0.8235
0.3766
0.6259
0.6437
0.5333
0.5000
0.4024
0.6463
0.5821
0.3942
0.7607
0.6216
0.3333
0.4433
0.8289
0.6951
0.6324
0.4494
0.4940
0.5652
0.3700
0.6459
0.5844
0.6757
0.6500
0.6903
0.4913
0.4062
0.6922
0.4820
0.7978
0.6050
0.5923
0.3636
0.5000
0.6424
0.5195
0.2735
0.3503
0.6029
0.7770
0.2549
0.5445
0.6500
0.5732
0.6418
0.6053
0.5963
0.5589
0.5700
0.4815
0.8605
0.5789
0.5752
0.5000
0.6692
0.5455
0.6005
0.6207
0.5420
0.5652
0.5526
0.4487
0.5000
0.3509
0.3902
0.5311
0.2985
0.4686
0.3733
0.8137
0.8918
0.7144
0.5128
0.6264
0.4691
0.5946
0.3692
0.5536
0.5210
0.3652
0.2708
0.1574
0.4919
0.5644
0.5584
0.2963
0.6167
0.5455
0.3051
0.7261
1.0000
0.7037
0.6579
0.6365
0.3077
0.5446
0.5070
0.3707
0.5610
0.6002
0.5416
0.2000
0.2222
0.5652
0.4500
0.4884
0.4143
0.5548
0.5720
0.6681
0.2188
0.5548
0.4107
0.5742
0.5345
0.5644
0.6117
1.0000
0.4904
0.2708
0.4944
0.4313
0.7805
0.4750
0.3019
0.5742
0.6389
0.5096
0.3904
1.0000
0.5789
0.3196
0.5071
0.2391
0.6327
0.2912
0.5639
0.3469
0.5136
0.2824
0.3713
0.2336
0.7823
0.4534
0.6719
0.4398
0.1333
0.3925
0.6726
0.4490
0.6275
0.3333
0.6101
0.3143
0.5055
0.5929
0.6511
0.5925
0.5384
0.4786
0.5711
0.5287
0.4741
0.5623
0.6007
0.4631
0.4321
0.8800
0.5246
0.9217
0.3958
0.6175
0.4751
0.6054
0.4365
0.7556
0.6491
0.3959
0.7025
0.7023
0.4917
0.5772
0.4722
0.4819
0.4133
0.9091
0.5071
0.4772
0.2727
1.0000
0.9388
0.4606
0.0500
0.8125
0.6098
0.6236
0.5696
0.4671
0.6224
0.4710
0.5556
0.5702
0.5577
0.3986
0.5462
0.7479
0.7684
0.5896
0.3780
0.4098
0.7333
0.5749
0.3333
0.3810
0.6351
0.6362
0.5574
0.5143
0.4800
0.3770
0.5808
0.5652
0.7500
0.9545
0.4726
0.4143
0.4846
0.4074
0.5600
0.4018
0.5000
0.3898
0.3273
0.4554
0.4833
0.4422
0.3235
0.5000
0.5200
0.4420
0.6833
0.4634
0.9206
0.4447
0.4474
0.3281
0.6149
0.6284
0.3688
0.7559
0.4902
0.3774
0.3836
0.7590
0.3768
0.6866
0.5857
0.4853
0.7609
0.4054
0.6702
0.4138
0.4583
0.5866
0.5097
0.2646
0.4325
0.6147
0.7011
0.3631
0.3133
0.5246
0.4853
0.5919
0.3267
0.3073
0.1897
0.3768
0.5401
0.3696
0.4042
0.5179
0.4800
0.4923
0.5433
0.8559
0.5606
0.5139
0.5341
0.6720
0.4934
0.4896
0.3768
0.7290
0.5722
0.5680
0.6042
0.6000
0.5512
0.3485
0.7271
0.3056
0.4907
0.9130
0.4258
0.2982
0.5797
0.3810
0.3568
0.4844
0.2857
0.4923
0.3620
0.4737
0.5250
0.1961
0.3389
0.3241
0.5308
0.5519
0.4861
0.6976
0.5592
0.3727
0.5629
0.9200
0.4560
0.2821
0.2319
0.6667
0.9931
0.3631
0.7052
0.4267
0.3400
0.5373
0.4948
0.4361
0.4677
0.4476
0.3286
0.5833
0.2174
0.4959
0.5343
0.4439
0.2000
0.2439
0.4571
0.4361
0.5643
0.4726
0.4912
0.5321
0.4568
0.4500
0.2511
0.3243
0.5044
0.2895
0.5792
0.5060
0.3496
0.5288
0.6081
0.3082
0.5219
0.6538
0.2222
0.1714
0.5488
0.6088
0.4158
0.4949
0.5878
0.0909
0.7133
0.6000
0.7308
0.4863
0.3671
0.4062
0.4643
0.5373
0.4829
0.7500
0.6514
0.0000
0.3500
0.4731
0.6231
0.5469
0.4321
1.0000
0.6521
0.6429
0.5227
0.4317
0.5573
0.7836
0.3621
0.4429
0.3330
0.7248
0.5300
0.5192
0.4429
0.5840
0.4393
0.6478
0.5070
0.4925
0.4394
0.5213
0.3672
0.2329
0.3875
0.5882
0.3373
0.7458
0.5637
0.3600
0.8240
0.5151
0.5149
0.6288
0.5969
0.6667
0.6452
0.3103
0.4805
0.3750
0.6596
0.5192
0.3415
0.3017
0.1389
1.0000
0.2363
0.4082
0.3765
0.3444
0.1613
0.1579
0.6661
0.6254
0.2911
0.5873
0.7760
0.6800
0.6696
0.4737
0.5246
0.4324
0.7027
0.4062
0.6476
0.4782
0.3208
0.3478
0.4808
0.3448
0.6692
0.6253
0.5493
0.7190
0.6279
0.5814
0.6675
0.5122
0.7619
0.4894
0.4741
0.2321
0.4821
0.4583
0.3969
0.5315
0.4909
0.4247
0.4519
0.5375
0.5556
0.5799
0.4186
0.8779
0.5804
0.4912
0.4762
0.5179
0.4158
0.2188
0.7500
0.4517
0.4819
0.2154
0.5122
0.8487
0.7792
0.4157
0.4118
0.5316
0.6625
0.5553
0.7333
0.9012
0.5625
0.5000
0.5244
0.4407
0.3580
0.4421
0.3235
0.4143
0.6814
0.3817
0.8120
0.4146
0.5424
0.4459
0.6293
0.4912
0.7303
0.4848
0.5653
0.5859
0.8333
0.9054
0.4265
0.5385
0.5436
0.4858
0.7747
0.4101
0.0833
0.6905
0.8314
0.3569
0.5592
0.2609
0.5625
0.4559
0.7222
0.3535
0.4803
0.4000
0.3443
0.2750
0.6522
0.5181
0.7584
0.5312
0.5312
0.6364
0.5000
0.3733
0.5341
0.5625
0.2132
0.4318
0.6552
0.4633
0.8667
0.4639
0.8027
0.6335
0.5673
0.4915
0.4525
0.7132
0.4919
0.5168
0.2596
0.3886
0.3158
0.4341
0.4697
0.5759
0.3713
0.4383
0.3088
0.1500
0.3556
1.0000
0.4428
0.3089
0.3750
0.1918
0.4355
0.5000
0.2179
0.5075
0.0357
0.3143
0.8148
0.4583
0.7812
0.1613
0.1875
0.4333
0.2278
0.3846
0.3947
0.5442
0.4824
0.3108
0.7918
0.6441
0.3249
0.9760
0.6010
0.5176
0.3778
0.5349
0.5055
0.5000
0.5980
0.6570
0.6550
0.6034
0.5250
0.4308
0.6292
0.4568
0.5421
0.5783
0.4706
0.6407
0.3724
0.8753
0.6389
0.4623
0.7273
0.6061
0.4267
0.9130
0.5484
0.3627
0.4114
0.7773
0.1842
0.2381
0.3750
0.4805
0.4695
0.4003
0.2105
0.6932
0.4400
0.3289
0.7105
0.5873
0.3824
0.2088
0.5503
0.8044
0.5540
0.3106
0.7750
0.5854
0.4875
0.5152
0.3118
0.6456
0.7647
0.5974
1.0000
0.4255
0.5581
0.4550
0.5818
0.2944
0.5685
0.8494
0.4910
0.7980
0.4706
0.3721
0.6824
0.3250
0.4654
0.5603
0.3636
0.7323
0.5892
0.3733
0.4038
0.5752
0.4255
0.4018
0.6936
0.4516
0.7849
0.3867
0.4440
0.3598
1.0000
0.7975
0.7054
0.7636
0.1847
0.4885
0.6957
0.4737
0.4428
0.5975
0.4048
0.2000
0.6582
0.3190
0.4292
0.7692
0.8333
0.9286
0.5836
0.4304
0.2452
0.3889
0.5882
0.5000
0.4143
0.3636
0.5586
0.5792
0.3875
0.4884
0.6492
0.2533
0.5948
0.4790
0.4118
0.4994
1.0000
0.5537
0.4615
0.3529
0.7633
0.8046
0.3864
0.5594
0.6828
0.4933
0.6174
0.4508
0.9055
0.5782
0.4969
0.4795
0.6429
0.4692
0.4504
0.5283
0.1833
0.5777
0.7342
0.4085
0.5655
0.2842
0.3908
0.4911
0.4719
0.4760
0.4444
0.4444
0.3816
0.5263
0.4507
0.6127
0.7888
0.5789
0.4750
0.5000
0.8276
0.4824
0.7057
0.6047
0.2532
0.5206
0.4549
0.5993
0.8462
0.4545
0.5352
0.5000
0.1569
1.0000
0.5649
0.3906
0.6667
0.4828
0.2500
0.3844
0.6049
0.6460
0.5408
0.5378
0.5306
0.5875
0.5967
0.6211
0.7984
0.7812
0.4205
0.5766
0.4058
0.6373
0.2075
0.5583
0.5119
0.5686
0.5200
0.5091
0.5409
0.5729
0.5478
0.4138
0.4094
0.5374
0.5708
0.6474
0.5152
0.8363
0.4847
0.4176
0.4273
0.4927
0.4634
0.4286
0.3902
0.1667
0.5175
0.5000
0.4176
0.5457
0.2785
0.8053
0.7826
0.5104
0.3855
0.5066
0.5321
0.6083
0.5714
0.4698
0.7000
0.5377
0.4571
0.5686
0.6579
0.5649
0.3583
0.6258
0.5357
0.5808
0.5970
0.5000
0.3590
0.7014
0.7267
0.5590
0.4247
0.5227
0.8294
0.6707
0.5185
0.4561
0.5883
0.6944
0.2479
0.4673
0.4667
0.5551
0.5245
0.5765
0.3839
0.1224
0.5686
0.6379
0.5682
0.5853
0.4615
0.6811
0.3456
0.3553
0.3503
0.2843
0.3154
0.7327
0.3571
0.5816
0.9375
0.6626
0.5612
0.6008
0.5184
0.6258
0.4888
0.3601
0.3016
0.3684
0.2182
0.5111
0.4286
0.2402
0.5153
0.2360
0.0600
0.6043
0.5265
0.3860
0.3489
0.3898
0.5000
0.4572
0.4795
0.6842
0.4692
0.5106
0.5289
0.5269
0.4176
0.1333
0.5157
0.3946
0.2600
0.5992
0.2889
0.6228
0.6780
0.3853
0.5354
0.4373
0.6018
0.2963
0.9091
0.3467
0.5455
0.4301
0.4358
0.6091
0.6475
0.4940
0.3573
0.5856
0.5268
0.2885
0.1333
0.5645
0.4667
0.4847
0.3736
0.3167
0.4545
0.4803
0.3095
1.0000
0.4683
0.5346
0.4160
0.6659
0.3108
0.4030
0.4141
0.4639
0.4375
0.6000
0.3155
0.4687
0.2371
0.3643
0.4259
0.3750
0.4655
0.3913
0.5854
0.3571
0.2907
0.4606
0.5916
0.6246
0.6792
0.6456
0.4550
0.5000
0.3162
0.4637
0.7500
0.4706
0.4708
0.4444
0.5169
0.5676
0.6389
0.6395
0.6086
0.6829
0.5803
0.7054
0.6130
0.6300
0.7987
0.4625
0.4431
0.6727
0.2857
0.5077
0.6064
0.5000
0.6743
0.7185
0.3969
0.3402
0.5641
0.4767
0.5417
0.6811
0.6458
0.3191
1.0000
0.5349
0.2857
0.4983
0.4776
0.2857
0.6723
0.6481
0.5957
0.4389
0.5724
0.6234
0.3584
0.3198
0.6037
0.4789
0.4870
0.6425
0.4821
0.5943
0.6164
0.4685
0.5638
0.6141
0.5842
0.6667
0.7037
0.1758
0.4231
0.4905
0.2924
0.5469
0.4444
0.2424
0.7108
0.5765
0.4239
0.4167
0.5806
0.4026
0.4689
0.4727
0.3200
1.0000
0.7112
0.4678
0.3250
0.4662
0.6590
0.5128
0.7132
0.4480
0.4066
0.5342
0.7026
0.4917
0.6616
0.7162
0.3531
0.3846
0.5303
0.2159
0.3413
0.5821
0.3462
0.6944
0.4853
0.3119
0.5476
0.4386
0.5118
0.7083
0.1884
0.5000
0.5434
0.4670
0.3270
0.5808
0.5556
0.5000
0.4767
0.2609
0.5034
0.5931
0.6645
0.4224
0.3134
0.3913
0.3604
0.5343
0.7202
0.4023
1.0000
0.6907
0.3504
0.5070
0.7586
0.3200
0.2614
0.5000
0.5814
0.7676
0.5483
0.2865
0.0851
0.7368
0.5000
0.5095
0.3333
0.3400
0.6250
0.2812
0.7775
0.1818
0.4911
0.3949
0.3197
0.4167
0.5116
0.6553
0.6139
0.5644
0.5366
0.3627
0.0909
0.7995
0.3507
0.1228
0.4240
0.9277
0.6545
0.5422
0.6139
0.5181
0.4014
0.4945
0.6800
0.4413
0.6895
0.6122
0.4615
0.4912
0.5356
0.4573
0.5000
0.5312
0.6889
0.5522
0.8936
0.5385
0.3433
0.5604
0.4909
0.5962
0.3976
0.5286
0.3636
0.9037
0.6860
0.5556
0.7006
0.5851
0.8088
0.5000
0.4468
0.2544
0.6371
0.5526
0.5886
0.2222
0.4677
0.5970
0.4086
0.7159
0.3351
0.5249
0.5425
0.5139
0.4883
0.5957
1.0000
0.5029
0.5578
0.5583
0.5909
0.4459
0.4444
0.4500
0.5000
0.4130
0.6896
0.3722
0.3600
0.5789
0.7480
0.3936
0.5364
0.3905
0.3239
0.5317
0.6061
0.6375
0.4931
0.2069
0.6582
0.5842
0.5463
0.5882
0.0714
0.5534
0.3855
0.5714
0.7103
0.6462
0.6591
0.4443
0.5833
0.0513
0.0926
0.2909
0.2188
0.1875
0.5565
0.5435
0.8125
0.3846
0.4423
0.6333
0.6494
0.4706
0.3794
0.6556
0.6098
0.6429
0.5676
0.2909
0.5593
0.3689
0.7561
0.4224
0.5407
0.3556
0.5965
0.7526
0.7795
0.3485
0.4305
0.4206
0.4883
0.2340
0.7568
0.6667
0.5366
1.0000
0.6058
0.5194
0.8889
0.6698
0.6301
0.5104
0.5700
0.6938
0.4032
0.3937
0.3729
0.3390
0.4231
0.4963
0.6728
0.8400
0.5891
0.7778
0.5227
0.4943
0.7006
0.5200
0.7126
0.5889
0.5897
0.3406
0.2500
0.2203
0.7476
0.6792
0.5098
0.2857
0.2982
0.6269
0.6670
0.3775
0.6250
0.7990
0.5455
0.3509
0.5586
0.3108
0.4800
0.5000
0.5714
0.4464
0.5680
0.6406
0.4773
0.5544
0.5556
0.7551
0.2807
0.4531
0.5143
0.2121
0.4526
0.8394
0.5676
0.5112
0.5481
0.5771
0.4254
0.4557
0.5202
0.4451
0.6482
0.4613
0.5024
0.2667
0.5938
0.4694
0.7677
0.5691
0.4071
0.3516
0.6081
0.5306
0.6897
0.6360
0.5429
0.3226
0.4286
0.3611
0.8120
0.4355
0.6525
0.3641
0.4560
0.5660
1.0000
0.8047
0.5673
0.5507
0.4041
0.5370
0.7801
0.4792
0.3590
0.6073
0.8324
0.6233
0.6103
0.4747
0.4023
0.5702
0.5148
0.2562
0.4724
0.4828
0.1724
0.1714
0.5115
0.4789
0.4510
0.4624
0.3659
0.2414
0.2898
0.5208
0.5000
0.3232
0.6800
0.6265
0.4807
0.2245
0.3747
0.7797
0.3333
0.4920
0.1774
0.3583
0.4642
0.6531
0.4688
1.0000
0.2410
0.3571
0.1894
0.4815
0.3636
0.7362
0.8211
0.7122
0.5645
0.0750
0.5493
0.7326
0.5725
0.4113
0.5655
0.5882
0.6111
0.4038
0.6391
0.3736
0.2000
0.3539
0.6222
0.3393
0.4878
0.8088
0.3633
0.3102
0.4365
0.3516
0.3684
0.5885
0.4615
0.4912
0.3256
0.6297
0.3333
0.4861
0.5865
0.4857
0.5526
0.3542
0.8000
0.4262
0.3167
0.5571
0.4686
0.6191
0.4714
0.6449
0.4318
0.5238
0.6610
0.6815
0.4444
0.4948
0.2857
0.5762
0.3914
0.5417
0.6387
0.9298
0.5510
0.4844
0.6842
0.5957
0.5970
0.5636
0.5987
0.3939
0.5282
0.6975
0.6989
0.5673
0.5244
0.5614
0.4355
0.5147
0.6960
0.4626
0.3068
0.4000
0.2143
0.6908
0.3826
0.5972
0.5750
0.6039
0.4588
0.6176
0.6861
0.7460
0.3478
0.4167
0.5238
0.3563
1.0000
0.2078
0.4792
0.7935
0.4737
0.4545
0.5082
0.5000
0.3598
0.7646
0.6753
1.0000
0.2381
0.5000
0.4506
0.4979
0.4211
0.6375
0.7222
0.3261
0.9048
0.4191
0.4400
0.4552
0.9302
0.4140
0.4819
0.5736
0.4180
0.7300
0.4538
0.7089
0.5349
0.6167
0.9349
0.3095
0.6351
0.4694
0.5314
0.3492
0.6641
0.5084
0.5517
0.1884
0.4837
0.6199
0.4871
0.5358
0.5961
0.4816
0.5504
0.5854
0.5154
0.4412
0.6589
0.4274
0.6497
0.7681
0.6939
0.5408
0.5863
0.5308
1.0000
0.6438
0.5352
0.4000
0.5877
0.4599
0.5536
0.6410
0.5367
0.5453
0.4626
0.3226
0.7241
0.5250
0.5146
0.5362
0.5219
0.1692
0.4985
0.5286
0.6054
0.2861
0.6670
0.4444
0.6182
0.4214
0.1667
0.4737
0.4147
0.5960
0.7150
0.5349
0.5166
0.4288
0.4994
0.2540
0.3148
0.9800
0.5385
0.3143
0.3333
0.6693
0.6641
0.7237
0.5843
0.4481
0.4928
0.4930
0.3469
0.5888
0.6842
0.6220
0.5352
0.7054
0.6048
0.6286
0.5747
0.5882
0.4281
0.5426
0.6583
0.4737
0.6893
0.6667
0.5366
0.7856
0.4313
0.6331
0.4770
0.4877
0.6931
0.4292
0.7000
0.4328
0.4170
1.0000
0.3083
0.6179
0.5105
0.1765
0.2093
0.3667
0.2778
0.7045
0.3800
0.6190
0.1579
0.6852
0.6884
0.4659
0.7241
0.5897
0.5994
0.4400
0.3684
0.5686
0.3895
0.3333
0.5677
0.3356
0.5209
0.4565
0.7493
1.0000
0.3692
0.5471
0.3531
0.7436
0.7647
0.4513
0.3158
0.3770
0.4625
0.2919
0.4833
0.4444
0.6959
0.6183
0.5484
0.5306
0.4036
0.5206
0.6733
0.7021
0.4945
0.4615
0.7500
0.5662
0.6086
0.4493
0.4364
0.3137
0.4667
0.6290
0.4271
0.4409
0.5000
0.4007
0.8512
0.5505
0.5000
0.6952
0.6970
0.6180
0.5306
0.5938
0.4895
0.4571
0.5721
0.6748
0.5986
0.5323
0.6018
0.5946
0.5942
0.4567
0.6884
0.6113
0.4506
0.6220
0.3596
0.5316
0.7644
0.7391
0.6600
0.5365
0.4167
0.5000
0.4688
0.4417
0.5000
0.6923
0.5058
0.7194
0.4846
0.3145
0.4746
0.4677
1.0000
0.4479
0.6385
0.4688
0.3115
0.4848
0.5499
0.5821
0.6897
0.5533
0.3981
0.4821
0.4592
0.4390
1.0000
0.4259
0.5510
0.5291
0.5256
0.4259
0.4386
0.6267
0.5650
0.2372
0.7727
0.5508
0.3949
0.6242
0.3257
0.8736
0.6152
0.5585
0.7000
0.2750
0.5490
0.6638
0.4754
0.4759
0.5612
0.6379
0.6875
0.7432
0.5325
0.6932
0.5509
0.6043
0.4780
0.6952
0.5862
0.4011
0.7105
0.6562
0.4035
0.6019
0.6086
0.8000
0.4595
0.5719
0.3413
0.6778
0.7143
0.6069
0.3391
0.5460
0.5750
0.5607
0.3761
0.7201
0.4127
0.4835
0.3550
0.5470
0.4697
0.5227
0.2951
0.5683
0.7837
0.5152
0.2069
0.4344
0.5964
0.5814
0.5238
0.3200
0.4484
0.6090
0.4983
0.5908
0.5212
0.4844
0.4053
0.3550
0.6000
0.7436
0.7643
0.1833
0.3235
0.3023
0.4300
0.7410
0.2787
0.5292
0.4667
0.4879
0.3430
0.2778
0.5754
0.9505
0.6123
0.6814
0.2108
0.3165
0.4668
0.3756
0.4219
0.4074
0.3228
0.3673
0.2131
0.6892
0.4819
0.6627
0.6149
0.2667
0.3403
0.4779
0.5491
0.5685
0.5238
1.0000
0.4444
0.2635
0.4824
0.2794
0.7683
0.8000
0.7019
0.4000
0.4789
0.4387
0.7000
0.5507
1.0000
0.2361
0.5165
0.7848
0.5879
0.5799
0.4161
0.8184
0.4049
0.5119
0.4891
0.5085
0.7346
0.2889
0.7425
0.4984
0.6509
0.4190
0.5922
1.0000
0.5968
0.4167
0.8333
0.2394
0.5858
0.5139
0.2515
1.0000
0.5536
0.5366
0.5197
0.5898
0.4345
0.6814
0.5871
0.3556
0.4744
0.7296
0.5970
0.6575
0.4327
0.7545
0.3938
0.5683
0.3462
0.3495
0.5566
0.3937
0.4773
0.7500
0.5930
0.2679
0.4222
0.6053
0.4932
0.4752
0.5068
0.5149
0.5633
0.6149
0.4755
0.6508
0.4884
0.5496
0.5638
0.5216
0.5678
0.6622
0.5666
0.5185
0.3421
0.5451
0.5789
0.3824
0.5244
0.3151
0.3488
0.4827
0.1857
0.7313
0.4862
0.5789
0.3934
0.5738
0.5470
0.8000
0.3946
0.6771
0.4146
0.3279
0.4359
0.5970
0.9508
0.4417
0.4348
0.4278
0.6522
0.4444
0.1494
0.3019
0.2258
0.4747
0.3529
0.4457
0.4579
0.5417
0.4000
0.4762
0.4844
0.5588
0.1803
0.5046
0.4795
0.4554
0.4141
0.5722
0.3570
0.4999
0.5238
0.5464
0.5563
0.1877
0.6991
0.4906
0.4264
0.4886
0.5661
0.3208
0.4881
0.6236
0.4730
1.0000
0.5111
0.9008
0.7455
0.4900
0.3958
0.5255
0.8013
0.4727
0.5294
0.4250
0.7056
0.5128
0.3162
0.6471
0.5109
0.5087
0.3483
0.5957
0.3976
0.3760
0.3790
0.3158
0.1818
0.1538
0.4057
0.2805
0.4722
0.5641
0.7905
0.5647
0.5655
0.5347
0.2800
0.6452
0.6010
0.4930
0.5496
0.6028
0.5165
0.3681
0.3114
0.7143
0.5400
0.2963
0.6095
0.7687
0.1757
0.3168
0.5000
0.6618
0.3542
0.5669
0.5040
0.5905
0.6219
0.5664
0.4857
0.3981
0.4024
0.5780
0.4752
0.5823
0.5452
0.5899
0.8405
0.8368
0.2672
0.4362
0.4032
0.4762
0.4655
0.5031
0.5115
0.4819
0.5439
0.4837
0.5424
0.3483
0.3425
0.4277
0.4411
0.4809
0.5787
0.6528
0.5806
0.6470
0.4902
0.5889
0.5319
0.5000
0.5200
0.5366
0.2974
0.2734
0.4222
0.3955
0.4357
0.2991
0.5180
0.5434
0.6286
0.4167
0.3787
0.4082
0.6643
0.4000
0.7228
0.3478
0.4500
0.4464
0.4681
0.6136
0.4889
0.3219
0.5719
0.5622
0.5326
0.5826
0.8507
0.6322
0.6364
0.6207
0.7037
0.5862
0.6129
0.5258
0.5279
0.6084
0.3090
0.3287
0.5081
0.4424
0.5828
0.6475
0.5897
0.6600
0.3182
0.5821
0.5276
0.4495
0.3537
0.3636
0.8064
0.6533
0.6498
0.4156
0.5347
0.8233
0.8182
0.4592
0.6164
0.6496
0.6049
0.5554
0.5400
0.4444
0.4667
0.5492
1.0000
0.3913
0.3421
0.4037
0.4658
0.5595
0.7525
0.3889
0.8187
0.6011
0.5814
0.5833
0.5694
0.3548
0.5740
0.5202
0.4209
0.3210
0.5086
0.5749
0.3571
0.4688
0.6136
0.5134
0.5741
0.5502
0.5755
0.6379
0.6591
0.6624
0.4667
0.2745
0.6042
0.5614
0.5865
0.5875
0.5702
0.2806
0.4667
0.4981
0.3448
0.5649
0.6733
0.5533
0.4528
0.6429
0.5519
0.4949
0.5652
0.6930
0.7000
0.6005
0.4759
0.4909
0.2152
0.6830
0.2273
0.3947
0.1277
0.5818
0.1860
0.4359
0.0698
0.4609
0.5234
0.2923
0.3502
0.3675
0.4430
0.5476
0.3956
0.7161
0.3404
0.6529
0.4274
0.3519
0.4113
0.5203
0.5057
0.5250
0.5156
0.5577
0.3626
0.5536
0.2857
0.6273
0.5331
0.4612
0.5547
0.6210
0.3817
0.7031
0.3592
0.4960
0.5147
0.9207
0.6000
0.3871
0.6341
0.3393
0.4933
0.8139
0.1406
0.5011
0.3000
0.3178
0.0638
0.4375
0.8167
0.2649
0.7527
0.4343
1.0000
0.4435
0.5256
0.4444
0.4167
0.5583
0.5862
0.7131
1.0000
0.2357
0.5000
0.5538
0.6547
0.3580
0.2949
0.5388
0.6596
0.3771
0.6638
0.2609
0.5294
0.5536
0.7647
0.3873
0.5818
0.7674
0.4054
0.4630
0.8938
0.5424
0.5228
0.3571
0.6471
0.4199
0.5047
0.5299
0.7201
0.8808
0.5861
0.6367
0.3893
0.3483
0.3571
0.3098
0.2603
0.6696
0.3647
0.1750
0.2250
1.0000
0.4829
0.6180
0.7421
0.4762
0.5806
0.3713
0.2727
0.5819
0.4074
0.6692
0.2838
0.3700
0.7665
0.7077
0.4786
0.3729
0.7388
0.4918
0.6082
0.5922
0.2689
0.5702
0.5714
0.6182
0.8921
0.6130
0.4593
0.3548
0.5913
0.5152
0.5369
0.6170
0.3048
0.5625
0.3846
0.5411
0.6577
0.2208
0.6282
0.3765
0.4592
0.1522
0.4694
0.4167
0.4478
0.5057
0.6053
0.3036
0.4000
0.4877
0.4098
0.5755
0.5294
0.5905
0.4877
0.2222
0.5248
0.5656
0.4677
0.2581
0.5262
0.6235
0.3818
0.6000
0.5180
0.5227
0.5128
0.4462
0.4474
0.5317
0.5021
0.6727
0.4909
0.3409
0.4359
0.5955
0.7048
0.4040
0.3608
0.6188
0.5632
0.5362
0.2927
0.4131
0.4506
0.6449
0.5057
0.4655
0.4068
0.4688
0.5385
0.5149
0.4375
0.6410
0.7107
0.6447
0.6308
0.5139
0.2222
0.3554
0.6903
0.6621
0.5684
0.4974
0.5084
0.4320
0.4385
0.4645
0.1263
0.4239
0.4052
0.4487
0.6168
0.4061
0.6000
0.4848
0.4796
0.5648
0.6642
0.5293
0.6230
0.3550
0.3976
0.7901
0.3298
0.5603
0.2684
0.8357
0.6268
0.4199
0.3500
0.6009
0.3243
0.3830
0.5000
0.4524
0.2414
0.3967
0.3654
0.5312
0.1667
0.6477
0.4659
0.4545
0.5449
0.4286
0.4394
0.5556
0.5588
0.6227
0.6556
0.7667
0.7015
0.5812
0.5639
0.6486
0.6732
0.3991
0.2872
0.7355
0.5000
0.3629
0.3760
0.7081
0.8939
0.4315
0.4286
0.5273
0.4098
0.9385
0.6618
0.5071
0.3800
0.6342
0.3426
0.6697
0.7532
0.6408
0.3293
0.4605
0.8462
0.4068
0.5000
0.3400
0.3881
0.4430
0.5949
0.5897
0.6667
0.4722
0.5734
0.3730
0.5214
0.3662
0.6089
0.3589
0.5088
0.7791
0.3214
0.5687
0.6556
0.6200
0.4364
0.4250
0.5544
0.4522
0.2546
0.4748
0.2609
0.3730
0.5042
0.5663
0.8652
0.5060
0.5157
0.3100
0.5907
0.5513
0.4167
0.6218
0.4857
0.6641
0.2424
0.8229
0.4380
0.7347
0.7744
0.5844
0.5077
0.5667
0.4800
