0.5000
0.7188
0.2444
0.7321
0.6777
0.5000
0.8500
1.0000
0.4375
0.6992
0.7222
0.4483
0.8182
0.6316
0.7581
0.6997
0.6724
0.8438
0.4091
0.5391
0.8364
1.0000
0.5600
0.4703
0.5761
0.7831
0.8431
0.7355
0.6829
0.6613
0.7609
0.3667
0.6777
1.0000
0.6667
0.5663
0.5625
0.6881
0.7846
0.8205
0.6122
0.4340
0.1111
0.6571
0.7500
0.7929
0.4681
0.7020
0.6291
0.5263
0.6491
0.6360
0.7742
0.6000
0.5000
0.4444
0.7167
0.5822
0.3889
0.4778
0.2459
0.7190
0.6739
0.4054
0.2683
0.7404
0.2188
0.4237
0.5896
0.6383
0.6489
0.0800
0.5488
0.2286
0.6389
0.6697
0.7021
0.5948
0.4066
0.3889
0.7556
0.4628
0.5745
1.0000
0.3030
0.5410
1.0000
0.6094
0.5972
0.6333
0.6706
0.5000
0.5072
0.3265
0.3415
0.5000
0.5795
0.5532
0.8043
0.6842
0.6845
0.3026
0.5844
0.5278
0.7866
0.6579
0.7875
0.8444
0.6790
0.4651
0.8481
0.5757
0.8060
0.8980
1.0000
0.6786
0.5000
0.7407
1.0000
0.7188
0.6791
0.5924
0.5556
0.8958
0.4545
0.7065
0.5385
0.3478
0.5128
0.7027
0.7805
0.4583
0.6667
0.8462
0.4364
0.1026
0.5455
0.4625
0.4841
1.0000
0.4000
0.4848
0.9778
0.8878
0.5952
0.8776
0.6792
0.6881
1.0000
0.3417
0.5714
0.4906
1.0000
0.6667
0.7465
0.3137
0.7027
0.8935
0.8700
0.7958
0.5439
0.5000
0.4894
0.7449
0.6327
0.4576
0.8984
0.6279
0.3396
0.3261
0.6316
0.6226
0.6667
0.6316
0.5556
0.5238
0.3167
0.6047
0.5333
0.6182
0.4524
0.6338
0.7273
0.6145
0.7397
0.3684
0.6711
0.5565
0.4630
0.3632
0.7619
0.6281
0.9243
0.5678
0.6678
0.4971
0.6627
0.3966
0.6370
0.6786
0.4333
0.7812
0.9107
0.7871
0.3455
0.7045
0.9619
0.8611
0.4314
0.9020
0.9559
0.8000
0.8421
0.5179
0.8958
1.0000
0.4286
0.5280
0.7127
0.7059
0.7581
0.3256
0.5000
0.7990
0.3833
0.7561
0.7229
0.6000
0.6923
0.4065
0.5385
0.6045
0.5341
0.9773
0.4286
0.8663
0.4857
0.5300
0.4314
0.4700
0.4128
0.3857
0.4766
0.6312
0.8509
0.6357
0.7367
0.7600
0.6707
0.6790
0.1875
0.6712
0.6512
0.8481
0.4118
0.7677
0.8929
0.4773
0.3571
0.6364
0.3889
0.5256
0.1905
0.4677
0.5714
0.2609
0.6618
0.6641
0.7500
0.8283
0.5556
0.4259
0.2083
0.6302
0.7667
0.5235
0.7976
0.7248
0.2593
0.8233
0.6952
0.9150
0.8376
0.6341
0.7759
0.4746
0.9032
0.8142
0.5185
0.6239
0.2692
0.3077
0.4314
0.6023
0.4706
0.8571
0.4932
0.6765
0.7147
0.4516
0.4808
0.6220
0.8485
0.3000
0.3864
0.7895
0.3778
0.4219
0.6226
0.6883
0.7831
0.4857
0.4516
0.5333
0.3188
0.6415
0.6981
0.9032
0.5496
0.3721
0.7595
0.5098
0.7235
0.5839
0.6078
0.7662
0.3692
1.0000
0.5104
0.4559
0.6098
0.6562
0.7342
0.6559
0.7463
0.4783
0.7108
0.2308
0.5374
0.7368
0.8734
0.5714
0.7800
0.3286
0.7981
0.6857
0.5604
0.6278
0.4835
0.7397
0.9992
0.7757
0.5000
0.8796
1.0000
0.6277
0.7500
0.9200
0.5429
0.5955
0.7429
1.0000
0.6300
0.5957
0.9117
0.7692
0.3256
0.6786
0.4651
0.8824
0.7901
0.5652
0.6875
0.5556
0.8101
0.8222
0.7319
0.3333
0.9388
0.6618
0.6250
0.7258
1.0000
0.5000
0.3396
1.0000
0.3333
0.8769
0.6981
0.4516
0.6140
0.6341
0.4444
0.7293
0.6400
0.3980
0.9412
0.2542
0.4746
0.6087
0.5246
0.7077
0.6754
0.9574
0.7695
0.7647
0.6731
1.0000
0.7429
0.6379
0.7260
0.6075
0.3243
0.6522
0.5417
0.8049
0.7667
0.4853
0.8154
0.5909
0.6667
0.9242
0.6542
0.7273
0.6186
0.7763
0.6500
0.4688
0.4043
0.6176
0.5577
0.3654
0.6048
0.3924
0.5667
0.6364
0.5743
0.7941
0.7460
0.7308
0.5489
0.3958
0.8286
0.5476
0.3171
0.3654
1.0000
0.4912
0.7037
1.0000
0.6406
0.3721
0.4500
0.6341
0.4000
0.7910
0.3462
1.0000
1.0000
0.7045
0.6169
0.5949
0.2750
0.7857
0.9560
0.5771
0.8868
0.8163
1.0000
0.9429
0.1525
0.2826
0.6628
0.7021
0.8793
0.8780
0.5814
0.9923
0.3868
0.5224
0.8185
0.8588
0.5263
0.5968
0.4545
0.3000
0.8475
0.6667
0.7333
0.3878
0.6607
0.4426
0.5526
0.6818
0.6245
0.6000
0.2105
0.4524
0.6491
0.6259
0.8411
0.8082
0.6839
0.2791
0.5333
0.8750
0.6977
0.4130
0.6282
0.4980
0.7638
0.4831
0.9345
0.8302
0.7743
0.7047
0.6645
0.4000
0.6104
1.0000
0.8167
0.3442
0.7174
0.5904
0.8384
0.6338
0.3158
0.7317
0.9630
0.5227
0.5596
0.4074
0.5854
0.5833
0.8889
0.4444
0.4722
0.6132
0.8911
0.5405
0.6765
0.7097
0.7185
0.5405
0.5000
0.6222
0.4938
0.6538
0.7286
0.4000
0.5962
0.6750
0.4925
0.6480
0.7857
0.5238
0.6780
0.7203
0.7647
0.7000
0.9306
0.4180
0.7477
0.5921
0.7789
0.9747
0.3023
0.6923
0.1000
0.5048
0.6278
0.5758
0.7353
0.9333
0.7200
0.2308
0.5000
1.0000
0.2500
0.7778
1.0000
0.9097
0.5250
0.7258
0.5152
0.6216
0.5172
0.6111
0.7692
0.6222
0.2941
0.3750
0.5700
0.6593
0.5856
0.3134
0.7073
1.0000
0.6765
0.3475
0.5882
0.8476
0.6098
0.8163
0.5139
0.6250
0.5833
0.5625
0.7486
0.6132
0.4286
0.3363
0.6901
0.7231
0.6444
0.8182
0.4118
0.6236
0.6604
0.6354
0.9508
0.5833
0.5641
0.6613
0.7059
0.6809
0.6463
0.4355
0.5980
0.6154
0.3095
0.7383
0.0732
0.8928
0.3385
0.4333
0.1724
0.4571
0.6604
0.4831
0.6842
0.4118
0.4186
0.4032
0.6341
0.3833
0.9500
0.4104
0.6957
0.5294
0.4583
0.9333
0.6591
0.4220
0.6800
0.5429
1.0000
0.4902
0.8452
0.8654
0.8077
0.4583
0.7826
0.8733
0.6000
0.4091
0.7231
0.7143
0.7255
0.4432
0.4167
0.9593
0.7613
0.7568
0.7792
0.6107
0.6327
0.2237
0.5713
0.7556
0.8509
0.6032
0.8636
0.8000
0.6429
0.6875
0.7358
0.6831
0.2821
0.6562
0.2807
0.7033
0.5888
0.6667
0.8652
0.8774
0.3958
0.9273
0.6034
0.5238
0.8182
0.5926
0.7656
0.7767
0.7260
0.4082
0.6346
0.7277
0.4615
0.8185
0.9130
0.1622
0.7333
0.5294
0.7500
1.0000
0.7984
0.6410
0.4306
0.8462
0.8846
0.3735
0.5769
0.4368
0.7015
0.6939
0.7778
0.5000
0.7317
0.6667
0.9143
0.5938
0.5043
0.4752
0.4556
0.6774
0.3939
0.6524
0.7391
0.7826
0.6338
0.9846
0.5488
0.4699
0.5587
0.4016
0.7342
0.6102
0.7119
0.7266
0.5254
0.8205
0.7260
0.3485
0.7941
0.8000
0.6200
0.5000
0.0303
0.3661
0.2885
0.5362
0.1091
0.4118
0.4889
0.5395
0.7105
0.7818
0.7955
0.7124
0.4474
0.6033
0.4667
0.5588
0.4194
0.5897
0.5556
0.4474
0.7091
0.8378
0.5688
0.7179
0.5738
0.7792
0.6885
0.8488
0.5208
0.7385
0.7826
0.4000
0.6545
0.7287
0.5588
0.9013
0.8101
0.8269
0.5000
0.4103
0.6552
0.7083
0.7586
0.6216
0.5745
0.7313
0.4655
0.8333
0.1786
1.0000
0.5312
0.2703
0.4423
0.8250
0.6746
0.6703
0.2241
0.4970
0.6250
0.2000
0.4167
0.6216
0.3333
0.2069
0.5915
0.5584
0.5481
0.3333
0.6222
0.5941
0.6538
0.6207
0.3902
0.4815
0.4800
0.5102
0.8187
0.4091
0.6448
0.4400
0.7062
0.3830
0.4000
0.3250
0.5750
0.6047
0.8442
0.6794
0.4353
0.7407
0.7288
0.5652
1.0000
0.5702
0.5075
0.3333
0.6273
0.6977
0.7796
0.7798
0.5988
0.8182
0.8999
0.4595
0.9099
0.5975
0.4545
0.5000
0.6912
0.8901
0.6727
0.4762
0.8143
0.5882
0.5909
0.5797
0.9733
0.6667
0.5714
0.7727
0.6944
0.5000
0.1333
0.5778
0.5132
0.8933
0.6700
0.4394
0.9184
0.4177
0.6705
0.4364
0.4762
0.5714
0.8816
0.7475
0.3046
0.4884
0.3158
0.4118
0.3333
0.6979
0.7179
0.3725
0.7200
0.7551
0.6364
0.7857
0.7849
0.7326
0.5054
0.6857
0.8039
0.4839
0.5643
0.5000
0.5781
0.6379
0.6618
0.4103
0.5897
0.5400
0.3953
0.4848
0.1455
1.0000
0.4000
0.7271
0.4314
0.7397
0.4074
0.5098
0.7250
0.7222
0.6831
1.0000
0.5556
0.6687
0.9310
0.5795
0.6757
0.4706
0.1935
0.1818
0.3884
0.4271
0.7167
0.7250
1.0000
0.8989
0.1212
0.3462
0.6122
0.3600
0.2955
0.1000
0.8039
0.5970
0.6774
0.9926
0.5385
0.5714
0.8000
1.0000
0.6429
0.3582
0.3571
0.8313
0.8077
0.7581
0.2250
0.5122
0.3871
0.5573
0.7238
0.7079
0.5000
0.7744
0.6458
0.6222
0.7733
0.6915
0.5472
0.5577
0.8511
0.5176
0.2174
0.4091
1.0000
0.8333
0.3281
0.7258
0.7778
0.6304
0.8514
0.5254
0.5634
0.5217
0.5833
0.8889
0.9698
0.6774
0.5175
0.5833
0.7553
0.9048
0.7009
0.7879
0.5385
0.5517
0.6522
0.3479
0.6098
0.4559
0.5000
0.8301
0.5778
0.3488
0.5435
0.5417
0.5309
0.6182
0.5325
0.5339
0.6939
0.6548
0.7117
0.7000
0.7885
0.6694
0.5208
0.2258
0.7458
0.7763
0.5429
0.6039
0.6811
0.7027
0.5072
0.7321
0.4318
0.6042
0.4800
0.8316
0.7662
0.7778
0.3455
0.6311
0.6979
0.3333
0.7692
0.4375
0.5962
0.5556
0.6067
0.1818
0.7992
0.4048
0.6042
0.6306
0.5843
1.0000
0.5200
0.3067
0.8267
0.7143
0.7955
0.4429
0.4030
0.6420
0.3750
0.5069
0.5172
0.7368
0.3400
0.5172
0.5818
0.4643
0.8625
0.4500
0.1935
0.7381
0.5556
0.3951
0.5769
0.8316
0.5429
0.5625
0.7885
0.5517
0.6271
0.6667
0.7329
0.8041
0.5366
0.6667
0.8000
0.4783
0.5000
0.5319
0.5349
0.7872
0.7121
0.6136
0.8598
0.6923
0.3793
0.5682
0.4737
0.3247
0.6632
0.5357
0.5660
0.4149
0.6154
0.3333
0.5763
0.5714
0.6900
0.4419
0.6239
0.4746
0.4156
0.6400
0.8649
0.5526
0.8308
0.6855
0.6779
0.8118
0.6143
0.7929
0.6444
0.8314
0.7714
0.6863
0.5769
0.6579
0.8488
0.7143
1.0000
0.7041
0.2727
0.7273
0.4430
0.6000
0.1905
0.5185
0.5714
0.6452
0.4286
0.8649
0.3621
0.2182
0.7308
0.5750
0.6024
0.6047
0.7500
0.9176
0.5811
0.6986
0.3696
0.5577
0.6538
0.6303
0.4231
0.7177
0.4118
0.4673
0.4906
0.7966
0.4867
0.3125
0.8222
0.7179
0.5294
0.3953
0.6818
0.3333
0.6452
0.7136
0.5000
0.7500
0.4706
0.5139
0.2903
0.5500
0.6887
0.7143
0.6786
0.5811
0.6505
0.4943
0.6454
0.6774
0.5479
0.7465
0.8567
0.5270
0.5250
0.6383
0.8421
0.5000
0.3750
0.9099
0.6111
0.5852
0.5893
0.8130
0.3000
0.6346
0.5624
0.6279
0.6602
0.7195
0.6111
0.9820
0.2000
0.6447
0.5000
0.4322
0.9302
0.3571
0.8783
0.5714
0.2500
0.0714
0.1220
0.8871
0.4405
0.6571
1.0000
0.3704
0.5556
0.4000
0.1667
0.7467
0.6961
0.6512
0.5765
0.5000
0.1500
0.2986
0.5000
0.7260
0.4545
0.8605
0.7840
0.6667
0.6154
0.8440
0.7500
0.4694
0.5714
0.6471
0.4880
0.3226
0.5981
0.6102
0.6304
0.6961
1.0000
0.4737
0.5583
0.5000
0.5476
0.7000
0.5962
0.5941
0.9388
0.7636
0.7333
0.7368
0.8480
0.7598
0.5488
0.5270
0.9520
0.6543
0.5606
0.2222
0.4949
0.5098
0.6822
0.5992
0.8800
0.6000
0.9701
0.6000
0.4333
0.6484
0.8210
0.4146
0.8372
0.8430
0.4286
0.4281
0.3438
0.5636
0.2222
0.6125
0.4746
0.5781
0.7655
0.8507
0.3662
0.4740
0.8026
0.3443
0.8298
0.7619
0.4184
0.4691
0.7826
0.5538
0.8750
0.6389
0.8868
0.4062
0.7222
0.7609
0.6087
0.8261
0.7705
0.7143
0.5467
0.3913
0.4211
0.7727
0.7826
0.7711
0.6061
0.6413
1.0000
0.4416
1.0000
0.5926
0.6875
0.7143
0.5175
0.7541
0.1538
0.5172
0.3590
0.5053
0.5546
0.5625
0.5469
1.0000
0.2857
0.3966
0.7766
0.5455
0.4783
0.6923
0.6111
0.6792
0.6286
0.7434
0.7436
0.7778
0.5833
0.7586
0.7723
0.6094
0.7037
0.6494
0.8462
0.8580
0.4857
0.7391
0.7368
0.5974
0.6889
0.5437
0.4655
1.0000
0.5825
0.6772
0.8280
0.8333
0.7091
0.7440
0.7733
0.6389
0.4571
0.2258
0.6346
0.6267
0.2623
0.6050
0.8793
0.3667
0.4471
0.2222
0.3023
0.5610
0.5227
0.8323
0.6648
0.0800
0.6333
0.5690
0.7619
0.5538
0.3750
0.2151
0.3455
0.5833
0.7202
0.5512
0.6476
0.7200
0.8750
0.5200
0.7079
0.6774
0.2500
0.5172
0.7692
0.7727
0.5755
0.4943
0.7167
0.5529
0.5769
0.4737
0.2842
0.5217
0.5624
0.5231
0.1739
0.5795
0.6582
0.4909
0.3333
1.0000
0.4359
0.8958
0.9851
0.7826
0.6667
0.4727
0.4000
0.6279
0.5500
0.5532
0.3800
0.7097
0.5769
0.6000
0.4235
0.7211
0.5263
0.8444
0.5000
0.4000
0.5702
0.5000
0.4940
0.3182
0.6000
0.5200
0.8237
0.7436
0.4815
0.5909
0.5755
0.2000
0.7738
0.7500
0.2414
1.0000
0.8949
0.5934
0.8182
0.8871
0.6087
1.0000
0.5652
0.8710
0.4433
0.6582
0.5775
0.5385
0.8923
0.2414
0.7245
0.6094
0.2826
0.1228
0.6600
0.4308
0.3125
0.2885
0.7235
0.6800
0.5625
0.5593
0.6475
0.8280
0.6458
0.5141
0.6667
0.3274
0.6139
0.4538
0.7261
0.8529
0.7083
0.7093
0.6316
0.6190
0.6000
0.6529
0.7438
0.5128
0.7051
0.6709
0.6254
0.3860
0.7606
1.0000
0.3256
0.6342
0.3710
0.5000
0.9649
0.3462
0.5319
1.0000
0.8167
0.5152
0.1887
0.6146
0.6839
0.3718
0.5208
0.5532
0.7800
0.4954
0.7179
0.5125
0.6491
0.4419
0.7642
0.7778
0.5200
0.7333
0.7843
0.5957
0.4000
0.5833
0.7261
0.4500
0.6552
0.3333
0.6061
0.3833
0.5488
0.7600
0.9636
0.6198
0.5672
0.8611
1.0000
0.6829
0.4032
0.5077
1.0000
0.5375
0.3939
0.6321
0.8776
0.6869
0.8077
0.8040
0.9600
0.4773
0.2442
0.6528
0.4818
0.6119
0.4240
0.6133
0.5650
0.3846
0.5762
0.2973
0.8636
0.7313
0.6909
0.6957
0.8421
0.6090
0.5682
0.6364
0.7000
0.7472
0.7739
0.6415
0.3030
0.5548
0.4948
0.6645
1.0000
1.0000
0.7947
0.4048
0.5821
0.5500
0.7538
0.4712
0.6613
0.5306
0.3846
0.5345
0.5659
0.6346
0.6765
0.7952
0.7692
0.6122
0.7308
0.6890
0.8452
0.5319
0.5333
0.5278
0.6923
0.8011
0.5849
0.8086
0.5312
0.8519
0.9206
0.4545
0.6709
0.8824
0.4877
0.4677
0.5798
0.4762
0.5294
0.6038
0.3765
0.8000
0.5676
0.8806
0.4624
0.4000
0.7255
0.3676
0.6795
0.8523
0.4528
0.4118
0.5372
0.7101
0.2444
0.6186
0.8297
0.3816
0.6831
0.2927
0.7436
0.8333
0.7321
0.3729
1.0000
0.5079
0.8904
0.7011
0.4091
0.6591
0.7368
0.8846
0.3390
0.6250
0.7500
0.5978
0.5686
0.8333
0.7748
0.9855
0.8095
0.7308
0.8833
0.4737
0.5794
0.8777
0.5667
0.5855
0.6533
0.5859
0.3934
0.8872
0.5758
0.4722
0.7778
0.9121
0.5908
0.7500
0.8397
0.4500
0.6950
0.7327
0.9348
0.6702
0.5595
0.8462
0.5402
0.3986
0.6721
0.4737
0.4400
0.6795
0.5455
0.8358
1.0000
0.3273
0.6250
0.6364
0.5088
0.7708
0.4923
0.5824
0.3158
0.5932
0.3333
0.7931
0.5968
0.5849
0.7465
0.5469
0.5500
0.7568
0.5364
0.4483
0.8534
0.6393
0.7826
0.5628
0.5238
0.8167
0.7817
0.6444
0.4516
0.8199
0.6667
0.7167
0.7684
0.2449
0.5000
0.5714
0.9259
0.7113
0.6042
0.4194
0.7632
0.6952
0.6207
0.8480
0.2593
0.6829
0.5377
0.4712
0.8214
0.3774
0.6329
0.6951
0.7165
0.6765
0.8585
0.7475
0.4550
0.8125
0.6667
0.6207
0.7100
0.5314
0.4390
0.4787
0.7299
0.8600
0.7222
0.5893
0.5000
0.4468
0.5758
0.7177
0.6721
0.4804
0.2973
0.7029
0.6429
0.6479
0.5484
0.5545
0.8687
0.4865
0.6310
0.8082
0.6852
0.8730
0.6667
0.8140
0.7895
0.7061
0.6145
0.6753
0.7027
0.6747
0.5385
0.7245
0.4348
0.4925
0.7195
0.3158
0.8934
0.7170
0.6375
0.7705
0.5778
0.8032
0.4889
0.3497
0.8140
0.6750
0.4626
0.5000
0.5714
0.6522
0.7167
0.6384
0.6207
1.0000
0.8684
0.5588
0.5138
0.4744
0.5278
0.3922
0.2414
0.5455
0.5714
0.4727
0.6250
0.4189
0.6647
0.5986
0.5273
0.4944
0.5926
0.3590
0.6977
0.4583
0.6263
0.5875
0.4545
0.7500
0.6087
0.7188
0.8984
0.5577
0.6771
0.5147
0.4048
0.6667
0.5912
0.8022
0.8108
0.6757
0.7986
1.0000
0.6768
0.6345
0.6705
0.7832
0.7037
0.6857
0.6034
0.7579
0.6611
0.9432
0.8958
0.9333
0.6875
0.5075
0.6184
0.3725
0.7895
0.8465
0.4762
0.6216
0.4390
0.7031
0.5091
0.7209
0.6875
0.3704
0.5000
0.6910
0.5141
0.8750
0.2830
0.5833
0.4722
0.7600
0.7778
1.0000
0.6054
0.6429
0.6344
0.4955
0.6087
0.7500
0.1750
0.4286
0.8441
0.7500
0.5862
0.8114
0.6860
0.5870
1.0000
0.6311
0.5309
0.2727
0.7500
0.5283
0.8295
0.5294
0.4954
0.6488
0.6375
0.6442
0.5543
0.5087
0.5582
0.3602
0.6522
0.6071
0.5192
0.6852
0.5690
0.4250
0.6175
0.8291
0.7000
0.6452
0.3500
0.6562
0.6250
0.6000
0.9444
0.5704
0.4930
0.5623
0.5366
0.6154
0.7766
0.7369
0.4286
0.5476
0.8636
0.4667
0.7037
0.6327
0.2609
0.5000
0.6250
0.7600
0.3824
0.5902
0.6757
0.6493
0.8529
0.7215
0.4348
0.5918
0.6724
0.4048
0.3390
0.5143
0.1429
0.6364
0.6226
0.5352
0.5385
0.3375
0.6053
0.6047
0.6697
0.3793
0.2414
0.6538
0.3333
0.6402
0.6034
0.9583
1.0000
0.7500
0.2188
0.7818
0.7143
0.6531
0.7214
0.5610
0.6121
1.0000
0.8596
0.8045
0.4762
0.6210
0.4211
0.8264
0.5476
0.5046
0.5769
0.8303
0.8395
0.4423
0.2791
0.6863
0.7273
0.8583
0.6364
0.6429
0.6207
0.5163
0.7826
0.3729
1.0000
0.8871
0.4062
0.3535
0.9388
0.4464
0.6125
0.5522
0.6627
0.4074
0.5968
0.7460
0.6923
0.6585
0.2759
0.5526
0.5625
0.6667
0.6182
0.6962
0.5192
0.9048
0.9706
0.7222
0.4281
0.7796
0.9000
0.6034
0.6667
0.4565
0.3077
0.6667
0.8214
0.6154
0.6111
0.4565
0.7832
0.8568
0.6750
0.5455
0.6000
0.5588
0.5569
0.5435
0.5067
0.4167
0.5747
0.6190
0.6667
0.7273
0.6866
0.5923
0.4865
0.9608
0.5000
0.6296
0.9252
0.4848
0.8704
0.8421
0.7027
0.5373
0.4516
0.2258
0.7333
0.0952
0.6633
0.4571
0.6822
0.6522
0.5106
0.4667
0.7598
0.7131
0.6250
0.6061
0.6533
0.5655
0.8738
0.7353
0.7778
1.0000
0.6111
0.7396
0.6667
0.1818
0.5579
0.5490
0.6835
0.7986
0.5488
0.6909
0.2917
0.5895
0.5315
0.8182
0.6667
0.5741
0.8081
0.8060
0.6897
0.5366
0.6973
0.4906
0.5690
0.4074
0.5000
0.7963
0.7500
0.8831
0.7119
0.5682
0.7255
0.8889
0.6944
0.5556
0.5484
0.4375
0.2931
0.5833
0.4375
0.6596
0.1522
0.4000
0.2542
0.7727
0.1515
0.2273
0.6500
0.6340
0.8133
0.7973
0.5449
0.6814
0.7879
0.5918
0.5481
0.5185
0.5709
0.5872
0.7687
0.8254
0.5614
0.4706
0.7706
0.6176
1.0000
0.9091
0.6477
0.8140
1.0000
0.6614
0.7123
0.6207
0.6739
0.6885
0.5922
0.5759
0.6814
0.6324
1.0000
0.7538
0.5365
0.7500
0.4565
0.7615
0.5116
0.7661
0.5329
0.6087
0.4600
0.5476
0.6264
0.3333
0.7130
0.7169
0.8056
0.4762
0.4146
0.4262
0.6452
0.7292
0.6531
0.6610
0.6216
0.4889
0.8750
0.6538
0.3898
0.4242
0.8538
0.8905
0.6173
0.6735
0.6923
0.4500
0.2615
0.7273
0.5476
0.5429
0.4789
0.6463
0.8301
0.1875
0.7312
0.7183
0.7660
0.7936
1.0000
0.6504
0.6500
0.5152
0.4848
0.5000
0.9250
0.4857
0.8253
0.3578
0.8161
0.5887
0.7309
0.6929
0.6986
0.6029
0.5840
0.7317
0.8919
0.4091
0.4583
0.4231
0.5072
0.3448
0.3977
0.7981
0.6429
0.7143
0.8846
0.5843
0.5000
0.4049
0.4045
0.6429
0.6258
0.8489
0.6327
0.5714
0.5705
0.5732
0.3817
0.7085
0.6000
0.5978
0.2432
0.7407
0.5753
0.6923
0.7481
0.6815
0.5926
0.5349
0.5672
0.6327
0.5618
0.5377
0.5111
0.6852
0.6724
0.5116
0.8205
0.2392
0.3235
0.7381
0.5556
0.6857
0.7274
0.6471
0.4735
1.0000
0.9003
0.5200
0.6654
0.6827
1.0000
0.5611
0.5261
0.5875
0.7190
0.5147
0.6897
0.7679
0.6214
0.3036
1.0000
0.5179
0.5625
0.6000
0.6833
0.8687
0.7606
0.4342
0.3061
0.5070
0.5595
0.7414
0.8537
0.7121
0.8936
0.8056
0.5600
0.5309
0.7231
0.5581
0.8302
0.2162
0.8140
0.3832
0.4928
0.5556
0.7011
0.6111
0.4762
0.5385
0.5942
0.5161
0.6042
0.5412
0.8485
0.5050
0.8837
0.9722
0.2778
0.7619
0.7100
0.4286
0.9286
0.5823
0.7188
0.7676
0.3556
0.3750
0.5532
0.4386
0.8630
0.5806
0.3333
0.4752
0.7619
0.4348
0.8065
0.3636
0.3673
0.1951
0.7500
0.7765
0.2750
0.8046
0.6744
0.5556
0.6176
1.0000
1.0000
0.5306
0.5455
0.7021
0.8774
0.3830
0.7875
0.4576
0.5769
0.7273
0.7464
0.6420
0.7486
0.7548
0.6176
0.4842
0.2838
0.4898
0.3158
0.4600
0.5352
0.7222
0.9831
0.7812
0.5575
0.4516
0.4286
0.7606
0.3317
0.9259
0.4464
0.7407
0.4259
0.2466
0.2727
0.6168
0.6040
0.4872
0.4167
0.5581
0.3333
0.5347
0.5263
0.7283
0.4384
1.0000
0.7500
0.7539
0.6406
0.5414
0.7778
0.5371
0.6410
0.6522
1.0000
0.8986
0.6349
0.5612
0.7222
0.5143
0.3636
0.9412
0.4800
0.6364
0.4651
0.8923
0.8242
0.5943
0.8145
0.6056
0.6914
0.3827
0.8792
0.4241
0.8444
0.5714
0.5946
0.4449
0.5862
0.5537
0.5821
0.4231
0.8113
0.5378
0.6471
0.3507
0.7067
0.5357
0.5386
0.4545
0.5865
1.0000
0.7667
0.3846
0.7899
0.5345
0.2558
0.1351
0.4348
0.8523
0.4062
0.3220
0.4865
0.7381
0.8247
0.6957
0.7288
0.4638
0.7091
0.4098
0.6000
0.4318
0.8083
0.1639
0.5000
0.6129
0.4091
0.3158
1.0000
0.3810
0.6026
0.3571
0.3438
0.3521
0.6626
0.6000
0.6452
0.4000
0.3333
0.4595
0.7419
0.6786
0.7368
0.8000
0.5581
0.6267
0.5000
0.6136
0.7683
0.4896
0.5800
0.3846
0.6429
0.5965
0.8494
0.8276
0.7857
0.7407
0.5597
0.6226
0.7982
0.7500
0.7173
0.6170
0.9057
0.8095
0.3009
0.7376
0.9667
0.6607
0.6635
0.7917
0.5333
0.6091
1.0000
0.6667
0.6917
0.6429
0.3913
0.6154
0.7188
0.7500
1.0000
0.7755
0.2778
0.5845
0.6854
0.8163
0.6576
0.7857
0.4717
0.6250
0.8000
0.6026
0.9273
0.5000
0.4250
0.3750
0.7103
0.6515
0.5102
0.6957
0.6087
0.5814
0.5814
0.6033
0.5217
0.5577
0.5224
0.4444
0.7368
0.6667
0.3594
0.6622
0.7234
0.5224
0.6744
0.6916
0.7500
0.6818
0.8310
0.6711
0.7115
0.6415
0.8857
0.5780
0.8389
0.7681
0.6866
0.4286
0.4586
0.7931
0.5500
0.6552
0.8716
0.5946
0.6351
0.3068
0.6737
0.8775
0.5422
0.6547
0.7356
0.2308
0.2955
0.9434
0.4889
0.3750
0.6790
0.2955
0.5763
0.4217
0.3404
0.5588
0.3333
0.2581
0.6538
0.7231
0.4898
0.4444
0.3462
0.5639
0.2368
0.5319
0.6296
0.6875
0.7770
0.5405
0.3222
0.5556
0.7724
0.1628
0.1923
0.2258
0.4850
0.7143
1.0000
0.4444
0.7188
0.7331
0.3182
0.7826
0.6538
0.6782
0.5897
0.5568
0.6230
0.6603
1.0000
0.5741
0.5000
0.7609
0.8111
0.6591
0.8970
0.7462
0.4314
0.4519
0.5333
0.8681
0.5000
0.2766
0.5098
0.6579
0.7394
0.3000
0.8191
0.5541
0.5811
0.5942
0.5211
0.4138
0.6337
0.7356
0.4400
0.7490
0.8750
0.7037
0.5968
0.5500
0.6786
0.5343
0.9032
0.7143
0.7667
1.0000
1.0000
1.0000
0.6786
0.3351
0.6170
0.6933
0.3061
0.7593
0.5814
0.8966
0.7803
1.0000
0.8623
0.4242
0.4694
0.2500
0.3333
0.3333
0.7667
0.5948
0.3333
0.7778
0.5636
0.5127
0.6857
0.7250
0.8710
0.6000
0.5625
1.0000
0.6786
0.8200
0.3871
0.2192
0.6545
0.5410
0.6974
0.8158
0.7713
0.5500
0.7533
0.5617
0.5366
0.6333
0.7172
0.7500
0.7500
0.7857
0.5588
0.6857
0.7464
0.8333
0.7766
0.3684
0.6591
0.5823
0.5405
0.6458
0.8081
0.5021
0.9936
0.3210
0.6000
0.5362
0.7504
0.6656
0.8737
0.5234
0.9077
0.6606
0.6280
0.9041
0.7414
0.5859
0.8491
0.4889
0.6623
0.8434
0.9639
0.6395
0.3721
0.5000
0.9130
0.5490
0.6232
0.6515
0.6154
0.3396
0.9074
0.5294
0.3729
0.6042
0.6486
0.5938
0.7538
0.6176
0.7124
0.6293
0.6562
0.6232
0.5477
0.2763
0.7879
0.4478
0.6889
0.7959
0.7200
0.2857
0.7983
0.4043
0.6413
0.3933
0.5143
0.7752
0.6835
0.5915
0.8125
0.6349
0.7383
0.5946
0.6496
0.8144
0.6341
0.6369
0.7550
0.6000
0.5051
0.6667
0.7692
0.6854
0.7364
1.0000
0.7059
0.7287
0.6452
0.6897
0.7467
0.7049
0.7273
0.6537
0.7900
0.7778
0.6145
0.7204
0.3537
0.7468
0.6296
0.9167
0.6406
0.7088
0.5897
0.5000
0.8657
0.4146
0.6860
0.4510
0.5260
0.6983
0.6222
0.4085
0.7757
0.7317
0.3429
0.7247
0.6032
0.6154
0.6712
0.4909
0.7407
0.6085
0.7500
0.6230
0.7098
0.6125
0.4037
0.4848
0.4149
0.5190
0.5970
0.8333
0.4685
0.3077
0.4972
0.5575
0.6154
0.7921
0.3854
0.8485
0.5741
0.6032
0.6604
0.5409
0.2941
0.5152
0.5614
0.4559
0.6066
0.6316
0.6875
0.7784
0.5522
0.9615
0.8030
0.7292
0.7931
0.7556
0.5070
0.4833
0.3158
0.6207
0.5667
0.6750
0.6700
0.4348
0.6897
0.4247
0.8980
0.7260
0.5322
0.8511
0.5818
0.4688
0.9217
0.3846
0.4388
0.4427
1.0000
0.6977
0.9231
0.7458
0.7121
1.0000
0.5957
0.7628
0.6364
0.6486
0.6812
0.0909
0.4662
0.4286
0.5182
0.8500
0.3662
0.6061
0.3000
0.6947
0.5741
0.3506
0.2632
0.4694
0.8316
0.8800
0.5204
0.7981
0.6154
0.4348
0.1613
0.8022
0.3333
0.6981
1.0000
0.7216
0.4627
0.3571
0.6667
0.4706
0.6508
0.2921
0.2857
0.4314
0.3750
0.6571
0.5442
0.5978
0.4571
0.7246
0.5882
0.6341
0.5577
0.3117
0.9310
0.5362
0.7736
0.3662
0.7500
0.6981
0.4314
0.3019
0.5808
0.5062
0.8430
0.7500
0.8125
0.8904
0.3256
0.2093
0.7104
0.4697
0.3182
0.6037
0.5517
0.5169
0.7297
0.4308
0.8981
0.5000
0.4679
0.8552
0.5586
0.6346
0.6473
0.6054
0.6040
0.4474
0.4348
0.5135
0.7363
1.0000
0.4789
0.4938
0.6512
0.8242
0.7600
0.7818
0.7162
0.5652
0.4651
0.7885
0.4474
0.7692
0.9744
0.8919
0.2414
0.8409
1.0000
0.5263
0.8033
0.9792
0.6774
0.7244
0.6875
0.5865
0.4324
0.6364
0.8545
0.5000
0.8048
0.4821
0.6957
0.6119
0.8732
0.6136
0.5135
0.6207
0.5172
0.4828
0.9231
0.6838
0.8554
0.7069
0.5410
0.7366
0.3235
0.7975
0.5000
0.7918
0.7308
0.3913
0.2093
0.6019
0.5860
0.4651
0.5128
0.5519
0.6296
0.5610
0.5758
0.7778
0.6400
0.3125
0.4516
0.8000
0.5352
0.3846
0.7895
1.0000
0.6531
0.4872
0.5672
0.6923
0.4516
0.7396
0.9355
0.8214
0.3077
0.7077
0.5778
0.8060
0.7714
0.6514
0.7836
0.6634
0.6341
0.7297
0.7216
0.7692
0.6545
0.6925
0.8741
0.8257
0.3077
0.6087
0.7879
0.5632
0.8919
0.4400
0.7097
0.6765
0.4911
0.2250
0.7500
0.5410
0.8182
0.6136
0.5500
0.5556
0.2976
0.2471
0.8000
0.6250
0.7133
0.6020
0.4706
0.5682
0.3226
0.9521
0.5495
0.6571
0.4516
0.4279
0.8000
0.5000
0.6265
0.5789
0.7743
0.6304
0.7804
0.7283
0.6081
0.5492
0.7381
0.5778
0.5000
0.8333
1.0000
0.8750
0.8719
0.8673
0.4545
0.5000
0.6118
0.7965
0.8750
0.5405
0.5545
0.6027
0.5714
0.2667
0.3750
0.3833
0.7391
0.6923
0.3803
1.0000
0.7692
0.9143
0.2368
0.4828
0.8333
0.4444
0.6881
0.4727
0.0851
0.5455
0.7994
0.1628
0.6122
0.6053
0.7455
0.4658
0.7407
0.7059
0.3636
0.5370
0.1905
0.5625
0.2222
0.6200
0.3171
0.5152
0.6951
0.7458
0.3333
0.3929
0.2667
0.5897
0.4000
0.5333
0.9556
0.5926
0.3421
0.3214
0.2889
0.6761
0.6279
0.4286
0.7241
0.2222
0.5846
0.7500
0.4416
0.7714
0.7000
0.7226
0.9032
0.3939
0.4615
0.8644
0.8800
0.8868
0.7286
0.6689
0.5000
0.7208
0.9444
0.8279
0.4625
0.5510
0.6667
0.8903
0.5414
0.4444
0.7377
0.6866
0.6234
1.0000
0.5769
0.7723
0.0000
0.9839
0.3472
0.5788
0.2703
0.2354
0.2903
0.6515
0.6273
0.5176
0.3333
0.6216
0.2432
0.2203
0.5208
0.9464
0.5054
0.7368
0.8000
0.3158
0.6667
0.0690
0.7676
0.6875
0.7667
0.5208
0.4333
0.6667
0.2703
0.5556
0.2069
0.9062
1.0000
0.7557
0.4318
0.9168
0.3043
0.6082
0.6984
0.4948
0.6512
0.5263
0.5800
0.9505
0.8548
0.4918
0.4574
0.6846
0.2857
0.7593
0.4364
0.5400
0.5128
0.4706
0.4000
0.3696
0.9444
0.8305
0.5000
0.5749
0.5857
0.5547
0.6667
0.4459
0.7273
0.7846
0.5652
0.4935
0.7097
0.7931
0.3824
0.5816
0.8442
0.4615
0.6916
0.8529
0.7978
0.2885
0.7876
0.7317
0.7143
0.4853
0.7308
0.2973
0.6176
0.9383
0.3621
0.8667
0.6101
0.6392
0.7188
0.7273
0.8099
1.0000
0.2778
0.8182
0.6860
0.6774
1.0000
0.5075
1.0000
0.6522
0.6364
0.6519
0.7206
0.5511
0.5286
0.9777
0.4815
1.0000
0.7157
0.6947
0.7895
0.2807
0.6667
0.5970
0.5463
0.1852
1.0000
0.5517
0.5254
0.5978
0.5156
0.7320
0.5385
0.6995
0.8293
0.4962
0.9058
0.8077
0.7458
0.5508
0.8378
0.4545
0.5469
0.5116
0.5942
0.5085
0.7241
0.6452
0.5000
0.5246
0.6111
0.6053
0.6250
0.7183
0.7359
0.8354
0.9565
0.6667
0.6471
0.4815
0.7738
0.4565
0.3030
0.0741
0.5407
0.3173
0.6852
0.6846
0.5806
0.5000
0.6964
0.4630
0.5915
0.3000
0.5521
0.8007
1.0000
0.4681
0.0357
0.7198
0.3365
0.3000
0.5357
0.3448
0.8839
0.6000
0.5432
0.7877
0.5725
0.4444
0.6000
0.3793
0.6626
0.4762
0.3284
0.7632
0.5106
0.4756
0.4368
0.5067
0.5390
0.8559
0.8241
0.7358
0.7642
0.6405
0.7003
0.5432
0.7074
0.5930
0.6031
0.8467
0.5750
0.4809
0.3696
0.4375
0.4773
0.3103
0.5556
0.5692
0.5476
0.3939
1.0000
0.3016
0.7355
0.3571
0.7500
0.5192
0.4773
0.6538
0.2000
0.2632
0.5846
0.4444
0.4231
0.8120
0.7917
0.8718
0.5294
1.0000
0.7642
0.3467
0.8044
0.5122
0.6512
0.6417
0.8646
0.5815
0.6923
0.6415
0.6681
0.9000
0.5690
0.9444
0.5231
0.4839
0.7209
0.2963
0.5522
0.7529
0.4872
0.7552
0.5778
0.6106
0.5517
0.6600
0.8611
0.6364
0.4222
0.4722
0.8810
0.8839
0.6944
0.3956
1.0000
0.6444
0.2812
0.6438
0.5682
0.2157
0.7317
0.3544
0.5725
0.6940
0.4600
0.4255
0.6051
0.6667
0.4667
0.5972
0.6914
0.7273
0.7857
0.6790
0.3273
0.7454
0.9836
0.5217
0.5175
0.6582
1.0000
0.6207
0.7222
0.7182
0.4259
0.5529
0.5278
0.6066
0.5405
0.4324
0.7869
0.6333
0.5745
0.8095
0.6013
0.7216
0.5294
0.8558
0.8913
0.7708
0.8286
0.8219
1.0000
0.8108
0.2449
0.5952
0.7838
0.5604
0.3143
0.5403
0.4779
0.3947
0.4773
0.6957
0.6377
0.4286
0.6275
0.6303
0.5970
0.2000
0.2609
0.6845
0.4355
0.6250
0.7849
0.4094
0.5635
0.6667
0.8980
0.9426
0.8750
0.4545
0.6667
0.0625
0.5161
0.5429
0.5875
0.3721
0.3714
0.4146
0.4412
0.9143
0.6757
0.4444
0.5385
0.7317
0.2647
0.3810
0.7778
0.6296
0.6418
0.7428
0.6883
0.3590
0.5405
0.7913
0.3750
0.5750
0.6230
0.6087
0.5280
0.2800
0.3692
0.5094
0.6020
0.7931
0.3218
0.6667
0.6296
0.5648
0.6408
0.8608
0.6329
0.8676
0.6500
0.4041
0.9728
0.5889
0.7033
0.7176
0.5000
0.7664
0.6753
0.6471
0.7250
0.6548
0.0000
0.8367
0.7692
0.2667
0.9577
0.1034
0.3250
0.4706
0.8987
1.0000
0.8763
0.1695
0.8125
0.6076
0.6396
0.7195
0.1892
0.8634
0.6094
0.0645
0.3492
0.4815
0.7624
0.6822
0.3000
0.6765
0.5741
0.4118
0.8681
0.1290
0.2703
0.4250
0.9333
0.3250
0.5588
0.5587
0.4911
0.3248
0.4474
0.6720
0.5727
0.7321
0.4648
0.9762
0.1714
0.6613
0.7529
0.6808
0.5250
0.4138
0.5109
0.8392
0.3864
0.3611
0.3333
0.6781
0.4419
0.6774
0.7049
0.8007
0.4886
0.7447
0.6136
0.4715
0.8538
0.5949
0.5192
0.6486
0.6481
0.6737
0.8529
0.8537
0.6432
0.8235
0.4154
0.5464
0.7963
0.5625
0.6282
0.5714
0.6857
0.7222
0.5610
0.4259
0.9032
0.4894
0.4697
1.0000
0.8116
0.7097
0.5500
0.8333
0.6466
0.8163
0.2264
0.8737
0.5429
0.4730
1.0000
0.2800
0.5600
0.6620
0.4286
0.6600
0.6128
0.7069
0.7358
0.7656
0.7912
0.5104
0.9199
0.5326
0.5625
0.7407
0.1429
0.6562
0.7097
0.7085
0.7941
0.7644
0.6901
0.7143
0.7500
0.7292
0.5000
0.5246
0.4697
0.6000
0.8256
0.7996
0.5385
0.6495
0.7969
0.5000
1.0000
0.5357
0.6703
0.9689
0.6364
0.8653
0.5000
0.7284
0.5617
0.7097
0.6832
0.8125
0.5637
1.0000
0.9322
0.1852
0.5231
0.7273
0.6212
0.4348
0.7125
0.5833
0.9583
0.5192
0.7761
0.5745
0.7091
0.6538
0.7143
0.6923
0.4286
0.7885
0.5733
0.5405
0.5862
0.4769
0.6759
0.8483
0.4074
0.6026
0.5366
0.5963
0.7143
0.4528
0.6232
0.4000
1.0000
0.7098
0.9483
0.5957
0.7826
0.5733
0.6572
0.6726
0.7826
0.7281
0.6691
0.8832
0.7027
0.2241
0.6364
0.8142
0.1000
0.3913
0.9524
0.4906
0.5000
0.6579
0.5500
0.9231
0.6844
0.9452
0.6122
0.7128
0.7662
0.8375
0.5833
1.0000
0.7067
0.9655
0.6111
0.4375
0.7692
0.6991
0.4889
0.4750
0.9071
0.5446
0.8350
0.4054
0.5739
0.5833
0.8533
0.6833
0.7423
0.7250
0.6213
0.7442
0.6977
0.5652
0.6915
0.6087
0.5785
0.9045
0.8073
0.5000
0.7073
0.6000
0.4348
1.0000
0.6857
0.4344
0.6667
1.0000
0.3793
0.5400
0.4103
0.9746
0.5539
0.4000
0.4889
0.4603
0.5658
0.5542
0.4190
0.6718
0.6667
0.7273
0.8519
0.5970
0.3393
0.8300
1.0000
0.7447
0.5455
0.4035
0.3488
0.3958
0.7857
0.7000
0.9000
0.6000
0.4554
0.7204
0.8302
0.4909
0.4757
0.5823
0.5342
0.5664
0.6176
0.6231
0.8054
0.7370
0.7000
0.7595
0.5772
0.2353
0.8077
0.4286
0.5634
0.6786
0.4068
0.4026
0.5641
0.2000
0.4412
0.4737
0.4043
0.7770
0.3448
0.5942
0.5758
0.5375
0.8286
0.5495
0.5789
0.7759
0.5882
0.3841
0.9707
0.5250
0.3738
0.7018
0.5584
0.9347
0.7083
0.7534
0.7381
0.8000
0.3704
0.4510
0.5778
0.9435
0.5581
0.7041
0.5630
0.5000
1.0000
0.6000
0.6122
0.7391
0.6312
0.5851
0.7143
0.7111
0.2857
0.8922
0.5093
0.4231
0.8667
0.5000
0.7297
0.6250
0.8190
0.7767
0.7391
0.6644
0.8235
0.9796
0.6774
0.6389
0.5556
0.5926
0.7778
0.5763
0.2923
0.3023
0.6491
0.6984
0.6552
0.7322
0.8000
0.7193
0.7174
0.9130
0.9091
0.8578
0.4857
0.5079
0.5833
0.9926
0.5472
0.6154
0.4706
0.7312
0.7867
0.6087
0.6667
0.6774
1.0000
0.9896
0.4919
0.6000
0.8696
0.5294
0.4800
0.8111
0.5714
0.5833
0.5690
0.9556
0.4615
0.3095
0.6591
0.6818
0.7000
0.8177
0.7812
0.3860
0.6860
0.6316
0.8132
0.7606
0.4222
0.8302
0.5506
0.4689
0.6452
0.6579
0.6410
0.6042
0.5278
0.7500
0.5918
0.7080
0.5357
0.7931
0.5535
0.5322
0.4848
0.7961
0.9787
0.2466
0.7571
0.5844
0.8571
0.7033
0.7111
0.4194
0.5312
0.6129
0.3091
0.5455
0.2903
0.8351
0.6852
0.7292
0.4583
1.0000
0.7500
0.5385
0.7289
0.6429
0.7500
0.7872
0.8286
0.6374
0.9437
1.0000
0.7800
0.6842
0.7862
0.6744
0.8500
0.8468
0.4074
0.6263
0.5873
0.7308
0.6875
0.7802
0.6759
0.9474
0.7615
0.7727
0.7222
0.7895
0.7706
0.6557
0.4912
0.3559
0.6702
0.8448
0.7250
0.3514
0.7079
0.7778
0.1481
0.4324
0.4706
0.2000
0.4107
0.3973
0.3871
0.1944
0.8148
0.5763
0.8269
0.8679
0.4691
0.3089
0.7833
0.7547
0.8654
0.6099
0.5400
0.1975
1.0000
0.6383
0.5111
0.7321
0.6364
0.7615
0.5375
1.0000
0.7026
0.7313
0.4828
0.5238
0.6098
0.6847
0.8565
0.5714
0.5810
0.9688
0.5345
0.7717
0.6916
0.7896
0.6176
0.6566
0.6957
0.7895
0.4364
0.8108
0.7544
0.8556
0.4706
0.5000
0.4667
0.8732
0.7829
0.4677
0.7037
0.4615
0.2414
0.9766
0.2870
0.4068
0.2759
0.7857
0.9306
0.6837
0.4737
0.9322
0.6301
0.8043
0.2812
0.7042
0.6582
0.4000
0.5641
0.4576
0.6154
0.4568
0.6683
0.7009
0.9286
0.6800
1.0000
0.6250
0.5521
0.8542
0.3158
0.6145
0.5400
1.0000
0.8367
0.2745
0.8239
0.7797
0.4783
0.4889
0.1864
0.6613
0.4386
0.7387
0.5156
0.5312
0.5028
0.5811
0.5405
0.5278
0.6923
0.3478
0.8812
0.4557
0.5467
1.0000
0.7544
0.2500
0.6923
0.6087
0.8548
0.5161
0.0909
0.9407
0.6111
0.5258
0.7449
0.9298
0.6964
0.6429
0.3864
0.7209
0.8143
0.6692
0.5752
0.7742
0.6897
0.5402
0.4324
0.5644
0.7923
0.5106
0.7199
0.3571
0.6000
0.4634
0.4894
0.6622
0.9167
0.5962
0.0000
0.5143
0.6023
0.7895
0.7000
0.7544
0.5000
0.5625
0.4545
0.6299
0.6519
0.4375
0.5752
0.6786
0.9388
0.5135
0.7907
1.0000
0.6481
0.7714
0.5490
0.6744
1.0000
0.8667
0.7857
0.9146
0.7257
0.5926
0.5488
0.6129
0.8333
0.6296
0.5053
0.4009
0.4865
1.0000
0.4000
0.7200
0.6512
0.6373
0.2879
0.4194
0.7824
0.8947
0.8000
0.3884
0.3030
0.5413
0.6507
0.6908
0.6596
0.8156
0.6667
1.0000
0.8932
0.7091
0.5714
0.3878
0.7799
1.0000
0.7699
0.4510
0.5000
0.7500
1.0000
0.3333
0.6023
0.4694
0.6186
0.7568
1.0000
1.0000
0.4340
0.2500
0.7353
0.5833
0.4603
0.7182
0.5926
0.5882
0.5652
0.8462
0.9250
0.8922
0.9149
0.7368
0.5627
0.7000
0.2381
0.8378
0.6078
0.6878
0.6000
0.6989
0.6154
0.6607
0.7112
0.7561
0.6875
0.6029
0.4167
0.5370
0.5556
0.5424
0.6122
0.6286
0.8363
0.5900
0.9174
0.3043
0.8214
0.6612
0.5593
0.6216
0.6129
0.7358
0.5488
0.6957
0.6314
0.4848
0.9206
0.5242
0.7400
0.7429
0.7482
0.4359
0.6250
0.5408
0.5698
0.3636
0.5000
0.5806
0.8286
0.7030
0.5862
0.6591
0.5172
0.6053
0.7686
0.6217
0.3729
0.5326
0.5098
0.4318
0.6885
0.7204
0.5294
0.6562
0.8199
0.7463
0.8372
0.5490
0.4211
0.7742
0.8276
0.5758
0.4884
0.6140
0.2857
0.8462
0.6786
0.7500
0.4242
0.7671
0.8961
0.7446
0.7586
0.7500
0.8780
0.8000
0.4615
0.6308
0.6364
0.8333
0.8462
0.9884
0.5965
0.6500
0.5352
0.6389
0.8750
0.5466
0.5278
0.4583
0.7763
0.6923
0.1935
0.5976
0.7164
0.5366
0.5249
0.4946
0.8274
0.7500
0.5625
0.8649
0.5659
0.7179
0.6494
0.5256
0.6269
0.4762
0.5185
0.6774
0.9239
0.7602
0.5592
0.1818
0.7073
0.8088
0.6944
0.7073
0.5875
0.4430
0.1364
0.6172
0.5376
0.5306
0.3621
0.8333
0.3056
0.5660
0.6000
0.7200
0.5246
0.3333
0.3494
0.5088
0.4886
0.7317
0.5747
0.6153
0.4314
0.4375
0.4915
0.6389
0.5039
0.5532
0.8200
0.8068
0.8182
0.6190
0.5652
0.6528
1.0000
0.1601
0.4143
0.8571
0.8732
0.3966
0.9667
0.6087
0.5500
0.5312
0.4375
0.5526
0.5200
0.5102
0.7697
0.6027
0.7692
0.3673
0.3077
0.5897
0.8955
0.6364
0.4786
0.7773
0.6296
0.3864
0.2500
0.3125
0.2840
0.5545
0.5882
0.9219
0.4091
0.8750
0.7353
0.4872
0.8406
0.3220
0.7833
0.2800
0.5745
0.8148
0.7183
0.6803
0.6338
0.6441
0.7726
0.4286
0.3188
0.8018
0.7021
0.5614
0.8387
0.2581
0.6397
0.5385
0.1515
0.4667
0.8000
0.7851
0.6706
0.7528
0.4800
0.3333
0.4828
0.7538
0.6589
0.6508
0.4167
0.6759
0.8200
0.5618
0.8462
0.5385
0.1667
0.4151
0.9326
0.5156
0.4651
0.2609
1.0000
0.6042
0.7348
0.7857
0.6263
0.8431
0.5789
0.4545
0.3333
0.5974
0.6197
0.4327
0.8356
0.4189
0.8158
0.9167
0.8298
0.8070
0.7113
0.8000
0.5238
0.6667
0.7387
0.7297
0.5344
0.4783
0.6667
0.5443
0.8319
0.5532
0.8355
0.8889
0.4000
0.4493
0.6471
0.2647
0.5000
0.5000
0.7463
0.6389
0.2941
0.4444
0.7346
0.3492
0.5059
0.8805
0.4192
0.2946
0.5102
0.2157
0.2353
0.4545
0.5833
0.8197
0.4348
0.6765
0.4821
0.5402
0.3966
0.6265
0.3750
0.2581
0.6164
0.8750
0.4400
0.7213
0.2941
0.5987
0.4444
0.8182
0.6444
0.1000
0.6307
0.4867
0.7639
0.4571
0.5000
0.2642
0.6250
0.4483
0.6587
0.7308
1.0000
0.2593
0.6486
0.5294
0.5508
0.6750
0.4211
0.8116
0.4758
0.5000
0.6102
0.8171
0.8462
0.6071
0.6290
0.3143
0.4444
0.3559
0.6071
0.7955
0.1000
0.8333
0.4435
0.5890
0.7241
0.4340
0.2973
0.4828
0.7674
0.4048
0.7333
0.5839
0.5126
0.5649
0.8730
0.5686
0.7412
0.7333
0.5833
0.6842
0.4043
0.8471
0.3944
0.6038
0.2169
0.8224
0.4750
0.6000
0.7075
0.6235
0.4769
0.7456
0.2903
0.5484
0.1852
0.8485
0.1724
0.5844
0.4677
0.4167
0.4762
0.4867
0.3415
0.4048
0.9375
0.4681
0.6250
0.4237
0.7703
0.6047
0.6567
0.7963
0.6458
0.4545
0.8019
0.6205
0.6562
0.7273
0.4545
0.8696
0.6751
0.7407
0.5686
0.8533
0.7727
0.0625
0.7647
0.7667
1.0000
0.7627
0.5250
0.6500
0.9167
0.7692
0.6230
0.7200
0.7900
0.8681
0.9388
0.4545
0.7473
0.8049
0.5455
0.9000
0.8182
0.6296
0.7929
0.6667
0.5385
0.5306
0.3926
0.7887
0.4118
0.4314
0.9474
0.6092
0.6055
0.8659
0.6076
0.2222
0.8951
0.6296
0.6714
0.4180
0.9439
0.7857
0.8364
0.5128
0.6909
0.5714
0.8167
0.4865
0.3500
0.8276
0.5909
0.5231
0.5125
0.3538
0.5789
0.8864
0.5741
0.8155
0.4286
0.7133
0.4715
0.4259
0.5735
0.6429
0.5424
0.1795
0.6098
0.6920
0.7917
1.0000
0.7740
0.0476
0.4384
0.8966
0.7800
0.7619
0.7368
0.5121
0.2500
0.3143
0.5600
0.7277
0.6218
0.9286
0.4647
0.7000
0.5714
0.6133
0.2807
0.6039
0.3600
0.5028
0.7500
0.5098
0.3821
0.4516
0.8201
0.4643
0.5789
0.3220
0.5391
0.7394
0.6905
0.3763
0.5741
0.9804
0.8553
0.6250
0.9355
0.5917
0.2750
0.6154
0.7215
0.4085
0.4819
0.5694
0.7422
0.7143
0.6857
0.5600
0.8738
0.7639
0.6207
0.6224
0.5588
0.5968
0.8168
0.8368
0.6613
0.8182
0.5238
0.7128
0.6101
0.6091
0.2195
0.8362
0.4062
0.5769
0.6222
0.9091
0.4923
0.4545
0.9577
0.2500
0.5385
0.3333
0.3429
0.3333
0.8095
0.4667
1.0000
0.5806
0.9130
0.2545
0.4737
0.7737
0.4483
0.4348
0.3023
0.7500
0.6239
1.0000
0.2812
0.7826
0.4024
0.6207
0.5385
0.9474
0.3636
0.8555
0.3469
0.7500
0.8750
0.3548
0.6341
0.8397
1.0000
0.6190
0.6988
0.7097
0.5773
0.5789
0.2500
0.7635
0.7990
0.7891
0.6629
0.3333
0.6102
0.4118
0.4694
0.9167
0.8636
0.4759
0.5878
0.5185
0.6636
0.5460
0.8448
0.7931
0.7378
0.8647
0.6178
0.6417
1.0000
0.8214
1.0000
0.6027
0.6525
0.5238
0.5766
0.3889
0.5556
0.4186
0.2500
0.6308
0.4746
0.5202
0.5688
0.7778
0.5261
0.5872
0.3333
0.6667
0.5417
0.4773
0.6400
0.8085
0.7500
0.7278
0.6444
0.4625
0.4091
0.4107
0.5484
0.8475
0.3158
0.8333
0.3571
0.3696
0.6456
0.8594
0.6841
0.8364
0.5762
0.5143
0.6279
0.4884
0.5000
0.6883
0.7091
0.5925
0.7246
0.8000
0.7989
0.5164
0.3922
0.5541
0.4308
0.5390
0.5094
0.7451
0.8400
0.6061
0.7930
0.4570
0.6752
0.4588
0.7500
0.7143
0.5000
1.0000
0.5660
0.4205
0.6564
0.8146
0.4737
0.6098
0.8333
0.7137
0.3542
0.6122
0.7722
0.7014
0.5493
0.3562
0.5344
0.4032
0.7895
0.4167
0.5082
0.6735
0.9216
0.7424
0.6770
0.4565
1.0000
0.3725
0.5000
0.4627
0.8207
0.4545
0.4328
0.8526
0.7339
0.2391
0.5430
0.8367
0.6284
0.8966
0.9362
0.9926
0.7597
0.6200
0.8417
0.5652
0.3660
0.4919
0.4879
0.5341
0.6724
0.7812
0.2500
0.3696
0.6857
0.8261
0.5693
0.6786
0.8165
0.7400
0.4930
0.8947
0.6019
0.6912
0.6871
0.3810
0.6250
0.5116
0.6250
0.8651
0.5556
0.8110
0.6049
0.5804
0.6486
0.6509
0.4943
0.5294
0.3542
0.5676
0.3488
0.3462
0.7471
0.7857
0.3750
0.6471
0.7802
0.6667
0.7143
0.4756
0.5405
0.8000
0.4490
0.6200
0.7255
0.4587
0.4787
0.7259
0.6138
0.6134
0.5714
0.4722
0.5444
0.6429
0.6140
0.6923
0.7739
0.3896
0.8256
0.7170
0.6145
0.8974
0.5758
0.7620
0.6250
0.9091
0.7545
0.7537
0.7952
0.5217
0.4912
0.6667
0.6875
0.7049
0.3714
0.8058
0.6154
0.1667
0.6644
0.8190
0.7903
0.7237
0.6235
0.6769
0.6588
0.4730
0.7286
0.7619
0.9515
0.6200
0.6027
0.9203
0.5106
0.7111
0.7913
0.9179
0.6250
0.7632
0.5085
0.5021
0.7059
0.5513
0.2222
0.4348
0.7778
1.0000
0.1905
0.7632
0.7353
0.9038
0.7130
0.7073
0.6935
0.7132
0.6743
0.5238
1.0000
0.7209
0.7714
0.6667
0.7732
0.6250
0.8800
0.6979
0.8123
0.6286
0.7500
0.5111
0.8571
0.4750
0.4815
0.6364
0.2273
0.5195
0.4667
0.9701
1.0000
0.8472
0.5161
0.6642
0.4769
0.6559
0.4118
0.7045
0.5833
0.3937
0.5000
0.2373
0.5895
0.5340
0.6462
0.3250
0.7805
0.6111
0.3659
0.9018
1.0000
0.8095
0.7547
0.6821
0.4286
0.7024
0.5536
0.6441
0.9000
0.7350
0.7706
0.3152
0.2683
0.7500
0.4444
0.5547
0.5625
0.6484
0.6186
0.9817
0.2500
0.6486
0.4325
0.6122
0.6818
0.7615
0.6301
1.0000
0.5750
0.3429
0.5873
0.6484
0.8485
0.4839
0.3571
0.8826
0.8966
0.5789
0.4760
1.0000
0.6196
0.2817
0.5532
0.3243
0.8056
0.3611
0.5301
0.5000
0.5341
0.3871
0.5360
0.3546
0.8085
0.5690
0.8200
0.4875
0.1429
0.4557
0.8571
0.5133
0.7975
0.4151
0.8387
0.4074
0.6154
0.6139
0.8205
0.7037
0.7152
0.5059
0.7452
0.6606
0.5000
0.6311
0.6941
0.4892
0.6061
0.7500
0.6170
0.9714
0.4865
0.7471
0.5319
0.7021
0.8151
0.6301
0.8693
0.7198
0.8080
0.8291
0.6333
0.7031
0.6648
0.8818
0.6765
1.0000
0.8519
0.5634
0.3125
1.0000
0.9557
0.5059
0.0714
0.8571
0.8333
0.6842
0.8860
0.5780
0.7083
0.5068
0.7000
0.6111
0.8316
0.7391
0.6364
0.7937
0.9438
0.8000
0.5312
0.5870
0.8333
0.6000
0.5000
0.4328
0.8506
0.6953
0.7200
0.5484
0.5238
0.4444
0.6437
0.7500
0.8000
1.0000
0.6852
0.5000
0.5480
0.5128
0.6585
0.4444
0.7000
0.4615
0.4138
0.5857
0.6667
0.5641
0.4578
0.5806
0.6000
0.5676
0.6875
0.5000
1.0000
0.9600
0.5517
0.4783
0.6275
0.8185
0.4444
0.8394
0.5224
0.4471
0.5500
1.0000
0.3962
0.7558
0.7297
0.6380
0.8639
0.5098
0.5816
0.6944
0.6042
0.7662
0.5974
0.4035
0.6559
0.8414
0.8327
0.5106
0.4444
0.5208
0.5800
0.8178
0.3099
0.3857
0.2500
0.3774
0.5954
0.4714
0.4478
0.6250
0.5932
0.5490
0.6429
0.8911
0.6579
0.7014
0.7420
0.7522
0.5862
0.6429
0.4909
0.9085
0.7684
0.6768
0.6263
0.7812
0.6612
0.4231
1.0000
0.4667
0.5778
1.0000
0.4726
0.3068
0.5472
0.4600
0.6250
0.6842
0.3333
0.6250
0.4568
0.8214
0.6774
0.3243
0.4737
0.5000
0.5353
0.9037
0.5085
0.8569
0.6381
0.5000
0.7083
1.0000
0.4691
0.3214
0.3137
0.7955
1.0000
0.4615
0.7453
0.5556
0.3846
0.5692
0.7000
0.5094
0.5974
0.4590
0.3793
0.7778
0.4647
0.4688
0.6955
0.7593
0.2647
0.3548
0.5769
0.6667
0.7286
0.5333
0.8000
0.9326
0.5000
0.4651
0.3772
0.3253
0.7541
0.4902
0.7812
0.5873
0.3833
0.6279
0.8352
0.4246
0.7393
0.8000
0.3158
0.2609
0.7266
0.7122
0.7595
0.4789
0.7284
0.2500
0.8348
0.7619
0.8611
0.5679
0.8864
0.4941
0.6190
0.7099
0.5894
0.7778
0.6552
0.0000
0.4474
0.5890
0.6462
0.6144
0.5200
1.0000
0.7752
0.6346
0.7576
0.5349
0.6338
0.9487
0.3182
0.5364
0.5403
0.7767
0.5119
0.6027
0.7021
0.6400
0.5600
0.7306
0.6506
0.5293
0.5800
0.6286
0.4948
0.3019
0.4308
0.6098
0.4603
0.8678
0.6577
0.4167
0.8462
0.7500
0.6852
0.6457
0.7344
0.7714
0.7500
0.3684
0.5690
0.4697
0.7895
0.6250
0.4194
0.4483
0.2000
1.0000
0.1905
0.5208
0.5342
0.3592
0.2083
0.2414
0.7632
0.8489
0.4113
0.7778
1.0000
0.6667
0.8052
0.7455
0.6222
0.4194
0.7801
0.5222
0.7320
0.7416
0.4250
0.6562
0.6190
0.4667
0.7900
0.7549
0.7545
0.8496
0.6500
0.6140
0.7368
0.6220
0.8125
0.5455
0.6855
0.3171
1.0000
0.5556
0.4536
0.7769
0.6301
0.5472
0.5955
0.5571
0.6585
0.8172
0.5574
0.8442
0.5692
0.7143
0.8636
0.5600
0.5000
0.2500
0.7959
0.5217
0.5657
0.3960
0.5500
1.0000
0.8621
0.5645
0.4545
0.7465
0.8966
0.7154
0.9020
1.0000
0.6857
0.5893
0.5938
0.5957
0.4746
0.5972
0.4444
0.5351
0.7059
0.6250
0.8283
0.5167
0.6905
0.5600
0.7407
0.5798
0.8060
0.5098
0.8730
0.6987
0.7692
0.8148
0.5417
0.5652
0.5821
0.6087
0.7846
0.6111
0.1154
0.7692
0.8788
0.4722
0.7895
0.3333
0.6522
0.7600
0.7167
0.4638
0.5714
0.3556
0.5846
0.5682
0.8598
0.5246
0.8088
0.5957
0.6000
0.7978
0.5510
0.3497
0.6897
0.6006
0.4218
0.6571
0.8782
0.5056
1.0000
0.6000
0.9273
0.6753
0.7083
0.5111
0.5263
0.7736
0.6667
0.6591
0.2949
0.5000
0.4087
0.6775
0.5714
0.8686
0.4898
0.5385
0.3673
0.1774
0.5781
1.0000
0.6304
0.4340
0.5926
0.2000
0.5217
0.5854
0.2586
0.5676
0.1000
0.4500
0.7727
0.5094
0.8286
0.1818
0.2955
0.5111
0.2203
0.5098
0.2667
0.6012
0.5079
0.2833
1.0000
0.8478
0.4130
1.0000
0.7033
0.5484
0.3784
0.6410
0.4521
0.5532
0.7857
0.7083
0.6806
0.6989
0.5980
0.5208
0.7391
0.6111
0.7333
0.6875
0.4474
0.8899
0.4762
1.0000
0.7073
0.6744
0.7714
0.6620
0.5088
0.7059
0.6667
0.4737
0.4177
0.7313
0.2593
0.3226
0.4583
0.7299
0.6875
0.6406
0.1806
0.6912
0.4737
0.5263
0.7308
0.7907
0.5185
0.2222
0.6544
0.8689
0.6000
0.4400
1.0000
0.8038
0.7288
0.7680
0.3111
0.7703
0.7818
0.7088
0.8462
0.4857
0.6250
0.5392
0.6047
0.4222
0.8205
1.0000
0.6524
0.9259
0.5979
0.4828
0.8554
0.4000
0.5500
0.6143
0.4146
0.8778
0.7000
0.4737
0.5306
0.7908
0.4706
0.5312
0.9138
0.7045
0.9564
0.4810
0.5000
0.4000
1.0000
0.9576
0.8986
0.8824
0.2174
0.6567
0.5844
0.6667
0.5900
0.6800
0.4754
0.2609
0.7779
0.4981
0.6091
0.7895
0.9130
1.0000
0.8113
0.4545
0.3191
0.5932
0.7031
0.5519
0.6078
0.4828
0.6486
0.7065
0.4603
0.7635
0.6479
0.3846
0.8333
0.6118
0.5645
0.6769
1.0000
0.6801
0.5860
0.4615
0.9461
0.9426
0.5152
0.7229
0.6667
0.5856
0.8281
0.6705
1.0000
0.8169
0.6118
0.6111
0.8421
0.6124
0.5000
0.6310
0.2083
0.6316
0.7627
0.7300
0.8310
0.3636
0.5217
0.5651
0.5543
0.5938
0.4524
0.5000
0.4237
0.7120
0.6000
0.9717
0.9268
0.6786
0.6452
0.6667
0.8750
0.5333
0.7798
0.5517
0.3182
0.7426
0.5385
0.6970
1.0000
0.5806
0.6863
0.6078
0.4474
0.9467
0.7376
0.5333
0.7692
0.5352
0.3030
0.6173
0.6190
0.8298
0.6316
0.5694
0.7778
0.6500
0.6786
0.8000
0.7700
0.9773
0.6328
0.5966
0.6863
0.8851
0.2162
0.7929
0.5243
0.6316
0.7000
0.5814
0.7609
0.6552
0.6604
0.5439
0.4980
0.9197
0.6512
0.7797
0.7647
0.8333
0.5870
0.6032
0.5402
0.6098
0.4918
0.4795
0.5722
0.2308
0.5281
0.4242
0.5072
0.6304
0.2586
0.9756
0.7576
0.5778
0.4769
0.6816
0.6538
0.7312
0.4837
0.4643
0.6522
0.5476
0.5405
0.7632
0.8298
0.5474
0.3913
0.6625
0.5652
0.7051
0.6296
0.8138
0.4261
0.6827
0.6256
0.6512
0.5333
0.6061
0.9518
0.8397
0.5312
0.4940
0.6818
0.7103
0.2333
0.6768
0.4872
0.6117
0.5982
0.5448
0.5455
0.1500
0.6667
0.6918
0.7080
0.5161
0.6154
0.6098
0.3704
0.5109
0.3604
0.3951
0.5590
0.7587
0.6000
0.6375
0.9767
0.7727
0.6136
0.6466
0.6053
0.7578
0.5413
0.5625
0.3488
0.4494
0.2248
0.5294
0.3333
0.4217
0.4887
0.2836
0.1250
0.6408
0.5000
0.3864
0.3645
0.3011
0.2857
0.4928
0.5882
0.6977
0.6176
0.5938
0.6000
0.7772
0.5156
0.3333
0.6783
0.5156
0.2627
0.7355
0.3617
0.7045
0.7447
0.6471
0.5577
0.5136
0.7389
0.3095
0.9091
0.5000
0.4667
0.5441
0.5280
0.7244
0.6699
0.4923
0.7100
0.6629
0.6310
0.2955
0.2000
0.6818
0.5274
0.5761
0.3778
0.2526
0.5000
0.6052
0.5789
1.0000
0.5306
0.6104
0.3684
0.7188
0.4167
0.4717
0.4272
0.4968
0.4615
0.6000
0.5425
0.5073
0.3200
0.4128
0.5450
0.4038
0.5367
0.5616
0.6903
0.6000
0.3433
0.5083
0.6548
0.6389
0.7073
0.8661
0.6911
0.3750
0.2947
0.5000
0.7500
0.5789
0.5652
0.5472
0.5676
0.5862
0.7368
0.7692
0.8235
0.6970
0.7500
0.7308
0.6667
0.7619
0.7049
0.4516
0.7197
0.8392
0.4211
0.5600
0.6438
0.5479
0.7381
0.8949
0.4787
0.3378
0.5738
0.5286
0.7071
0.9268
0.6296
0.3095
1.0000
0.5556
0.3256
0.6757
0.4231
0.3784
0.7679
0.6818
0.5989
0.5634
0.8722
0.9421
0.6084
0.5952
0.6838
0.6226
0.4531
0.9043
0.5714
0.7547
0.8482
0.5357
0.7333
0.7015
0.7288
0.7500
0.7273
0.1757
0.5167
0.5556
0.3483
0.7917
0.5000
0.3636
0.8594
0.6882
0.4857
0.6786
0.5833
0.4426
0.5809
0.6977
0.6571
1.0000
0.8132
0.6071
0.2812
0.5524
0.8602
0.6207
0.8302
0.4848
0.3662
0.7500
0.8313
0.6228
0.7778
0.8929
0.3611
0.6842
0.6381
0.3443
0.3793
0.5455
0.4000
0.7200
0.6383
0.4667
0.6667
0.5267
0.6738
0.5909
0.2800
0.6889
0.7776
0.5459
0.3929
0.5694
0.6964
0.5904
0.5672
0.2571
0.5254
0.7030
0.8304
0.5969
0.3846
0.4727
0.4074
0.6125
0.8144
0.6151
1.0000
0.7126
0.4500
0.6216
0.8780
0.4423
0.4531
0.8793
0.5806
0.8955
0.5804
0.4186
0.1000
0.8276
0.4839
0.5652
0.4444
0.3714
0.7119
0.3333
0.9853
0.2258
0.6628
0.7273
0.6207
0.4507
0.6875
0.8716
0.7429
0.6204
0.6840
0.5987
0.0625
0.7979
0.4043
0.1395
0.6657
1.0000
0.8554
0.7366
0.7318
0.5795
0.4952
0.5373
0.5135
0.4759
0.7241
0.7250
0.3929
0.7100
0.5455
0.5968
0.5556
0.5882
0.7885
0.7006
1.0000
0.6735
0.4762
0.6095
0.6098
0.7297
0.5000
0.5875
0.4571
0.9136
0.7941
0.5921
0.8966
0.6562
0.9400
0.7667
0.4444
0.3210
0.6471
0.5574
0.7382
0.2619
0.6391
0.7552
0.5362
0.9211
0.3628
0.7030
0.6129
0.6471
0.5435
0.7550
1.0000
0.6471
0.6250
0.7551
0.5000
0.5273
0.5000
0.5333
0.5833
0.5510
0.7864
0.4412
0.5750
0.6184
0.7143
0.5000
0.5616
0.5065
0.3654
0.6458
0.6800
0.7582
0.4231
0.1429
0.7417
0.6962
0.5743
0.7692
0.1667
0.7188
0.4638
0.5238
0.8046
0.6800
0.8000
0.5932
0.7447
0.1333
0.1463
0.6129
0.2340
0.3182
0.8182
0.6176
0.9167
0.3000
0.5143
0.9201
0.9016
0.5357
0.5676
0.8636
0.7667
0.8636
0.5667
0.3784
0.5878
0.4054
0.7059
0.5610
0.5854
0.4545
0.9091
0.8226
0.8750
0.4167
0.5085
0.5798
0.6833
0.4833
0.7500
0.6250
0.6286
1.0000
0.7692
0.6667
1.0000
0.5952
0.6429
0.7143
0.6400
0.7143
0.5111
0.4800
0.4507
0.4103
0.5263
0.5714
0.7978
0.9153
0.6970
0.8500
0.5000
0.6000
0.7442
0.6471
0.6522
0.6515
0.7586
0.3611
0.2903
0.1915
0.7110
0.7619
0.6170
0.4118
0.3953
0.8000
0.7742
0.5784
0.6771
0.7833
0.5893
0.5000
0.8406
0.3704
0.6000
0.5625
0.7895
0.3902
0.5526
0.5600
0.5625
0.7447
0.6190
0.9706
0.2609
0.5000
0.6042
0.3846
0.5618
0.7778
0.7241
0.6194
0.6410
0.6629
0.5263
0.5758
0.6400
0.6187
0.7419
0.4909
1.0000
0.3750
0.7857
0.5072
0.8201
0.6459
0.5303
0.4286
0.7333
0.5676
0.8276
0.6853
0.6296
0.4091
0.4889
0.4557
1.0000
0.5319
0.9041
0.6512
0.5900
0.7753
1.0000
1.0000
0.6250
0.8173
0.4615
0.6875
0.9430
0.7941
0.4286
0.9440
0.8716
0.7887
0.8451
0.4789
0.5148
0.7786
0.6126
0.3924
0.6766
0.6087
0.2000
0.2609
0.7045
0.8693
0.5750
0.6029
0.3871
0.3636
0.2742
0.6232
0.7027
0.3973
0.8491
0.7362
0.7500
0.2432
0.4620
1.0000
0.3714
0.5257
0.1628
0.4157
0.5833
0.8158
0.5000
1.0000
0.3188
0.5000
0.4468
0.6429
0.4762
0.8454
0.7671
0.7969
0.7550
0.1143
0.6250
0.7442
0.7541
0.6471
0.5909
0.7308
0.7500
0.5750
0.7857
0.3936
0.2609
0.4180
0.8821
0.3333
0.6506
0.8276
0.4214
0.4766
0.5530
0.6124
0.5556
0.7893
0.8502
0.6452
0.4286
0.6747
0.5000
0.6038
0.6210
0.5357
0.7500
0.5000
0.9333
0.6047
0.2273
0.7941
0.7377
0.7264
0.5254
0.9201
0.4627
0.5152
0.8140
0.8113
0.5507
0.7361
0.3667
0.7143
0.5952
0.6941
0.8304
0.9748
0.8378
0.7500
0.6552
0.7778
0.7931
0.8356
0.7021
0.3725
0.5849
0.6667
1.0000
0.6176
0.6803
0.6250
0.5238
0.6471
0.8033
0.5494
0.4242
0.4571
0.2800
0.8079
0.4206
0.7000
0.7333
0.8444
0.5278
0.9231
0.8182
0.8148
0.5000
0.4643
0.7143
0.6190
0.9932
0.2321
0.7500
0.9299
0.6000
0.5294
0.5319
0.6071
0.3676
0.9870
0.7734
1.0000
0.3846
0.6207
0.4468
0.5882
0.5600
0.5846
0.9196
0.4118
1.0000
0.9412
0.5278
0.8094
1.0000
0.5294
0.4898
0.6667
0.5556
0.9000
0.7877
0.8393
0.5909
0.6600
0.9873
0.3871
0.7010
0.5222
0.5485
0.4130
0.8305
0.6429
0.6364
0.2364
0.6293
0.8418
0.6154
0.5890
0.9455
0.6386
0.8618
0.6970
0.6098
0.6346
0.7582
0.6273
0.7865
1.0000
0.8529
0.7467
0.6379
0.6667
0.9091
0.7131
0.7608
0.3902
0.6901
0.5510
0.6908
0.9032
0.6512
0.6556
0.5536
0.4800
0.7711
0.6406
0.7391
0.6000
0.6306
0.1923
0.7262
0.5263
0.7727
0.3889
0.8553
0.6486
0.6944
0.5634
0.6071
0.5082
0.5000
0.8182
0.7808
0.6608
0.5914
0.3913
0.7959
0.2828
0.4524
0.8977
0.5902
0.3929
0.3611
0.7757
0.8125
0.9028
0.6000
0.5102
0.7544
0.5849
0.4203
0.5663
0.8571
0.7083
0.5789
0.7857
0.7520
0.6207
0.6639
0.6296
0.5722
0.6571
0.7885
0.5323
0.7821
0.6667
0.5806
0.8730
0.5704
0.6652
0.6429
0.6167
0.8544
0.6545
0.8395
0.4423
0.4634
1.0000
0.4757
1.0000
0.7037
0.2308
0.2333
0.3043
0.3750
0.8438
0.3846
0.8667
0.2143
0.8242
0.8730
0.6176
0.9000
0.7500
0.7115
0.4444
0.4865
0.9167
0.4203
0.4583
0.8000
0.5854
0.6087
0.5882
0.8525
1.0000
0.4896
0.6471
0.6591
0.7632
0.7045
0.8049
0.3929
0.3617
0.5000
0.3478
0.4737
0.5455
0.8106
0.6449
0.8780
0.5714
0.4844
0.6333
0.7699
0.8824
0.5846
0.5161
0.8433
0.7093
0.6641
0.4673
0.8140
0.3889
0.5870
0.6957
0.5067
0.4800
0.6038
0.5435
1.0000
0.6458
0.5965
0.8083
0.6986
0.7108
0.5948
0.6786
0.6087
0.5909
0.7019
0.6791
0.7679
0.6429
0.6905
0.6786
0.6771
0.6143
0.7424
0.7912
0.5802
0.7222
0.4194
0.5966
0.9204
0.8063
0.7840
0.7077
0.6061
0.5806
0.4783
0.5556
0.6000
0.7097
0.5663
0.7570
0.4486
0.5641
0.5238
0.5625
1.0000
0.5070
0.7451
0.5000
0.3478
0.5974
0.6641
0.6400
0.7547
0.6809
0.4722
0.5652
0.5857
0.4848
1.0000
0.5570
0.5891
0.5524
0.8750
0.4737
0.5333
0.7333
0.8151
0.4087
0.7297
0.7058
0.5207
0.6904
0.3718
0.9594
0.6988
0.7083
0.5714
0.3585
0.6667
0.6889
0.5333
0.5495
0.6781
0.6761
0.8462
0.8266
0.8333
0.8286
0.8062
0.6441
0.5763
0.7692
0.6959
0.5070
0.7083
0.8082
0.6098
0.8464
0.7500
0.8462
0.6538
0.9528
0.5122
0.7941
0.7945
0.6667
0.4157
0.6596
0.6667
0.6418
0.4353
0.8305
0.4082
0.5219
0.5641
0.5667
0.5391
0.7931
0.3333
0.7157
1.0000
0.6400
0.3043
0.5526
0.6500
0.6935
0.6875
0.3846
0.5556
0.7273
0.7532
0.5804
0.5676
0.7231
0.5030
0.4737
0.6923
0.6667
1.0000
0.1915
0.3913
0.4242
0.8500
1.0000
0.3478
0.8810
0.4737
0.6022
0.5161
0.3077
0.7964
1.0000
0.8400
0.7703
0.1951
0.3559
0.6250
0.5349
0.6136
0.4625
0.4211
0.3571
0.2391
0.7288
0.4444
0.7227
0.6916
0.3580
0.3483
0.6930
0.7024
0.7559
0.5625
1.0000
0.4493
0.3934
0.5323
0.3333
0.9200
0.8125
0.7512
0.4651
0.5577
0.5802
0.8043
0.6154
1.0000
0.3208
0.9010
0.8008
0.7733
0.8816
0.4536
1.0000
0.5269
0.6441
0.5111
0.6667
0.8857
0.3824
0.8784
0.6636
0.8048
0.5667
0.7164
1.0000
0.7236
0.5612
1.0000
0.3725
0.6748
0.6140
0.4103
1.0000
0.6418
0.6613
0.5882
0.7303
0.5956
0.7549
0.6735
0.2857
0.7673
0.7831
0.8868
0.8571
0.6667
0.8256
0.4493
0.7353
0.4872
0.6081
0.6098
0.4898
0.6735
0.8511
0.5843
0.3659
0.5357
0.6552
0.5962
0.5566
0.6071
0.6346
0.5900
0.6000
0.5854
0.7802
0.6562
0.7143
0.9750
0.6167
0.6154
0.8571
0.7000
0.5111
0.4483
0.7247
0.5556
0.4286
0.6161
0.3529
0.4545
0.9076
0.2708
1.0000
0.5362
0.6139
0.4468
0.7444
0.6067
0.9394
0.5897
0.8095
0.5690
0.4130
0.5667
0.7245
1.0000
0.7586
0.5294
0.4545
0.7778
0.5600
0.1875
0.4146
0.3478
0.7095
0.4583
0.4878
0.5938
0.6923
0.4688
0.5537
0.5094
0.7625
0.2245
0.5539
0.4364
0.6889
0.4868
0.7603
0.3373
0.7742
0.6397
0.6176
0.8427
0.3148
0.9012
0.5349
0.5000
0.6377
0.6571
0.3421
0.6161
0.9048
0.5818
1.0000
0.9545
0.9500
0.7375
0.5556
0.5000
0.5229
0.8319
0.5814
0.7826
0.5167
0.7887
0.7241
0.3700
0.7333
0.5429
0.6269
0.3958
0.4872
0.4000
0.4429
0.4043
0.3929
0.3182
0.2222
0.4762
0.3065
0.6429
0.4516
0.9688
0.5765
0.8117
0.6594
0.3617
0.7391
0.7237
0.6154
0.8118
0.7308
0.5439
0.5867
0.3721
0.7632
0.5682
0.1250
0.5846
0.8061
0.2063
0.3333
0.7292
0.8708
0.3913
0.6634
0.8378
0.7778
0.6685
0.6747
0.6667
0.6491
0.5135
0.6064
0.5278
0.6032
0.6970
0.6769
0.9312
0.8847
0.5449
0.6842
0.6000
0.7391
0.8077
0.6094
0.5645
0.5692
0.6932
0.6383
0.6484
0.4769
0.5000
0.6875
0.6311
0.8119
0.7041
0.7895
0.8551
0.7875
0.6250
0.6571
0.6757
0.5789
0.6000
0.5938
0.4216
0.4118
0.6136
0.6125
0.6459
0.3718
0.6476
0.5876
0.8075
0.4875
0.4643
0.4521
0.8308
0.5476
0.8551
0.4706
0.6429
0.5238
0.5278
0.6757
0.6216
0.4255
0.6842
0.7253
0.6250
0.7325
0.8868
0.9167
0.8235
0.8750
0.9000
0.6522
0.9091
0.6860
0.7130
0.8108
0.3846
0.3924
0.5465
0.7602
0.6941
0.8924
0.7838
0.7791
0.3168
0.6502
0.6615
0.8074
0.4167
0.4107
1.0000
0.8364
0.9733
0.4746
0.6731
1.0000
0.8696
0.9429
0.7931
0.6739
0.7284
0.6479
0.6354
0.5152
0.5128
0.6531
1.0000
0.5385
0.3704
0.5281
0.5357
0.7942
0.8916
0.4490
1.0000
0.7111
0.6176
0.5543
0.6750
0.3636
0.6667
0.5265
0.6136
0.4154
0.6048
0.5532
0.5455
0.6765
0.7772
0.5657
0.6512
0.7723
0.7264
0.8072
0.7463
0.7808
0.5966
0.3333
0.6667
0.6512
0.8034
0.6311
0.7771
0.3659
0.5778
0.4844
0.3864
0.5603
0.7500
0.6557
0.5789
0.6667
0.6250
0.6608
0.6857
0.7928
0.7273
0.6203
0.5464
0.7209
0.3492
0.8123
0.2317
0.4655
0.1842
0.7949
0.1867
0.6667
0.1176
0.7413
0.6392
0.2857
0.4928
0.4127
0.5082
0.5938
0.5879
0.7926
0.4225
0.8462
0.5000
0.4737
0.4944
0.6667
0.6167
0.5714
0.6000
0.8392
0.4524
0.6779
0.3562
0.7895
1.0000
0.5728
0.7347
0.6768
0.5687
0.9242
0.5000
0.5867
0.4805
1.0000
0.8367
0.4382
0.6875
0.4884
0.5172
0.9365
0.1600
0.6719
0.3111
0.3793
0.0588
0.3922
0.9048
0.3188
0.7213
0.6351
1.0000
0.6304
0.5926
0.5000
0.3793
0.5325
0.5000
0.6957
1.0000
0.5625
0.6000
0.6596
0.7500
0.3636
0.2698
0.6364
0.8214
0.5545
0.7174
0.3750
0.6000
0.6047
0.7857
0.4638
0.7299
0.6452
0.4000
0.7021
0.9157
0.7132
0.6024
0.4889
0.7895
0.6000
0.7679
0.5952
0.8318
0.9844
0.6970
0.7311
0.4818
0.4082
0.5556
0.4000
0.2500
0.7882
0.4262
0.2258
0.2459
1.0000
0.5820
0.6716
0.9500
0.4375
0.7021
0.4561
0.4375
0.6061
0.5000
0.9362
0.3273
0.3750
0.8333
0.7402
0.5458
0.5682
0.9149
0.6065
0.7048
0.7278
0.2973
0.6338
0.8488
0.7561
1.0000
0.7545
0.6119
0.3617
0.6782
0.6522
0.6933
0.6541
0.4051
0.7073
0.3977
0.6296
0.7821
0.3036
0.6615
0.4501
0.7143
0.2432
0.5128
0.5185
0.5811
0.5417
0.8000
0.5409
0.6071
0.7778
0.6170
0.6330
0.6667
0.8111
0.5664
0.3333
0.5513
0.6957
0.4894
0.4091
0.5881
0.7302
0.3750
0.7231
0.8095
0.5588
0.6983
0.6939
0.5116
0.6869
0.5270
0.8372
0.6098
0.4118
0.5333
0.6479
0.7286
0.4133
0.4133
0.8134
0.7814
0.6765
0.4839
0.6491
0.5690
0.7308
0.7500
0.5333
0.5227
0.6184
0.6216
0.6410
0.6048
0.6562
0.7304
0.6957
0.8366
0.5691
0.2353
0.4337
0.9080
0.7347
0.7393
0.6863
0.6107
0.5461
0.4722
0.6935
0.2647
0.4643
0.4330
0.5814
0.7037
0.4466
0.7686
0.5588
0.6533
0.6250
0.8701
0.5775
0.7750
0.6503
0.5435
0.9896
0.4366
0.7065
0.3239
0.8214
0.5825
0.4865
0.5000
0.7067
0.4828
0.4444
0.7407
0.5484
0.2791
0.5364
0.5556
0.5217
0.3043
0.6733
0.5217
0.8049
0.6567
0.4545
0.5000
0.5424
0.6667
0.9118
0.7500
0.8692
0.7407
0.6959
0.8000
0.6897
0.8000
0.4353
0.4286
0.8571
0.6154
0.5051
0.4018
0.8319
1.0000
0.5133
0.5106
0.6849
0.5079
0.9851
0.8519
1.0000
0.7429
1.0000
0.6148
0.6957
0.8516
0.6607
0.3016
0.5747
1.0000
0.4821
0.6167
0.3684
0.6871
0.6250
0.7828
0.6429
0.6792
0.6279
0.7647
0.4545
0.5694
0.4906
0.8784
0.4222
0.6222
0.8407
0.3721
0.7257
0.7121
0.6758
0.5500
0.7241
0.6885
0.6098
0.3019
0.5575
0.2353
0.6032
0.6326
0.6500
0.9960
0.6087
0.6902
0.3521
0.7730
0.6500
0.7143
0.7393
0.6293
0.7255
0.3077
0.7742
0.5869
0.7700
0.8300
0.6825
0.5294
0.7391
0.5641
