0.4000
0.6000
0.2459
0.6067
0.5726
0.3621
0.6000
0.7278
0.2857
0.5332
0.5664
0.3250
0.6923
0.4800
0.6798
0.5245
0.5219
0.7436
0.3333
0.4206
0.6870
0.9373
0.4853
0.4710
0.5191
0.5450
0.7313
0.5464
0.5577
0.6218
0.6190
0.3662
0.5433
0.5679
0.5952
0.4387
0.4600
0.5344
0.6211
0.6154
0.5077
0.3937
0.1176
0.5116
0.5625
0.5240
0.3729
0.3561
0.4007
0.4793
0.5530
0.5243
0.5095
0.3265
0.4028
0.3681
0.4862
0.4867
0.3115
0.3563
0.2208
0.4646
0.6402
0.2872
0.2308
0.6692
0.2195
0.3699
0.4621
0.5776
0.4503
0.1000
0.4495
0.1818
0.4785
0.5474
0.5462
0.4578
0.3802
0.2500
0.5055
0.3521
0.4788
1.0000
0.2541
0.4719
1.0000
0.4878
0.3505
0.5946
0.5583
0.3085
0.4302
0.2698
0.2657
0.3567
0.3403
0.3871
0.7471
0.5000
0.4306
0.2647
0.5000
0.3566
0.4265
0.5608
0.6067
0.7027
0.5534
0.4074
0.6271
0.4631
0.6489
0.5964
0.9970
0.6098
0.4444
0.3680
0.8330
0.5113
0.5238
0.3861
0.4405
0.8074
0.3855
0.5016
0.4534
0.2667
0.4615
0.6370
0.6509
0.4194
0.7000
0.6857
0.3288
0.0800
0.5517
0.2059
0.2801
0.7568
0.4643
0.3676
0.6583
0.7533
0.4600
0.8106
0.5523
0.5368
0.8145
0.2240
0.4856
0.3732
1.0000
0.4561
0.5773
0.2615
0.4773
0.6705
0.6586
0.5233
0.4100
0.4259
0.4339
0.6104
0.5157
0.3077
0.6059
0.4722
0.3456
0.2491
0.4961
0.3866
0.6512
0.5490
0.6047
0.4074
0.3014
0.4000
0.5476
0.5436
0.3248
0.5796
0.5111
0.4653
0.6729
0.3333
0.6111
0.4663
0.2929
0.3137
0.7037
0.3641
0.6148
0.4805
0.6103
0.4554
0.6694
0.2763
0.6119
0.6368
0.4571
0.5682
0.7621
0.5512
0.2336
0.6150
0.7524
0.6372
0.3788
0.4905
0.8276
0.7000
0.6303
0.4932
0.6257
0.9671
0.3864
0.4601
0.6894
0.6079
0.6405
0.2321
0.2903
0.6500
0.3200
0.4881
0.4322
0.6392
0.5800
0.3961
0.5370
0.4133
0.4735
0.6561
0.3877
0.5842
0.4706
0.4045
0.3857
0.3434
0.3345
0.1667
0.4176
0.4536
0.7007
0.5409
0.5568
0.6499
0.4871
0.4725
0.2381
0.4422
0.5000
0.7700
0.3555
0.5666
0.8190
0.4074
0.1778
0.4513
0.2710
0.4762
0.1961
0.4149
0.5779
0.2542
0.6071
0.4960
0.5806
0.5233
0.5167
0.3143
0.3462
0.4792
0.3958
0.4344
0.6684
0.6541
0.1970
0.7562
0.5133
0.6404
0.7635
0.5556
0.7123
0.3681
0.8355
0.7039
0.4225
0.5018
0.2500
0.2754
0.3571
0.3667
0.4091
0.6471
0.3814
0.4111
0.5593
0.2875
0.4437
0.5889
0.7561
0.3226
0.3333
0.6190
0.4250
0.3187
0.4031
0.6003
0.5630
0.3060
0.3750
0.4476
0.3021
0.5652
0.6471
0.7257
0.3916
0.3387
0.5478
0.4531
0.4425
0.4394
0.6065
0.5524
0.2688
0.7097
0.4410
0.3473
0.3500
0.3977
0.5600
0.4696
0.5741
0.4186
0.4599
0.1961
0.3972
0.6704
0.7954
0.5104
0.5752
0.3085
0.7077
0.5586
0.5848
0.5819
0.5000
0.6600
0.8747
0.4210
0.4222
0.4265
1.0000
0.4188
0.6613
0.8221
0.4490
0.5476
0.6678
0.8358
0.4317
0.4355
0.8216
0.6111
0.3208
0.6217
0.3860
0.5584
0.5769
0.5172
0.4667
0.5000
0.7347
0.5927
0.5490
0.2571
0.8618
0.5444
0.5656
0.6096
0.9239
0.3627
0.2000
0.6957
0.2600
0.6092
0.6081
0.2857
0.5006
0.5680
0.3596
0.6241
0.5234
0.4646
0.8182
0.2297
0.4167
0.4721
0.4079
0.5789
0.5551
0.7970
0.6125
0.5530
0.5162
1.0000
0.5556
0.5417
0.6356
0.5081
0.2600
0.5128
0.3621
0.3860
0.5833
0.3415
0.7235
0.3763
0.5444
0.6915
0.5492
0.5854
0.4967
0.3082
0.4667
0.2857
0.3387
0.5055
0.4842
0.2356
0.3216
0.3748
0.3902
0.6310
0.4389
0.5481
0.4483
0.5420
0.5230
0.3651
0.6254
0.4821
0.3148
0.3582
0.8986
0.3784
0.5878
0.9710
0.4395
0.3654
0.4157
0.6337
0.3279
0.6338
0.4138
0.6729
1.0000
0.4364
0.2567
0.4567
0.2868
0.6744
0.8039
0.4761
0.6373
0.7627
1.0000
0.6844
0.0986
0.2857
0.5360
0.6208
0.5315
0.6154
0.4620
0.9138
0.2540
0.4318
0.4343
0.6974
0.4375
0.3580
0.3523
0.2375
0.6044
0.5411
0.3895
0.2763
0.6318
0.3494
0.4783
0.4407
0.4221
0.5500
0.2237
0.4151
0.4273
0.4785
0.5467
0.6474
0.5614
0.2692
0.4726
0.6750
0.5470
0.2732
0.3698
0.3342
0.5614
0.4062
0.7623
0.7066
0.5952
0.5578
0.5500
0.4062
0.5192
0.7787
0.5682
0.2340
0.6467
0.4757
0.7343
0.5326
0.2800
0.6481
0.5690
0.4340
0.3871
0.3796
0.4643
0.4839
0.9242
0.3056
0.3968
0.5885
0.5614
0.4086
0.5635
0.7719
0.4611
0.4348
0.4085
0.5268
0.4823
0.5938
0.6006
0.3881
0.4493
0.7234
0.4217
0.5225
0.6043
0.5200
0.5972
0.4725
0.5881
0.4783
0.6791
0.3502
0.5738
0.3702
0.5397
0.6551
0.2321
0.4853
0.0732
0.4112
0.4451
0.5086
0.6277
0.8571
0.5152
0.1481
0.2857
0.7857
0.1864
0.5766
1.0000
0.5393
0.4177
0.4535
0.4884
0.3889
0.4635
0.5417
0.6579
0.4677
0.2093
0.2906
0.3545
0.4973
0.5918
0.2222
0.4491
0.8348
0.4244
0.3076
0.4734
0.5636
0.4253
0.5450
0.4239
0.5231
0.5118
0.4091
0.5195
0.5478
0.3846
0.1730
0.5425
0.6437
0.5086
0.5862
0.3797
0.4576
0.4366
0.4556
0.8072
0.3539
0.3830
0.6009
0.4583
0.4829
0.5619
0.3911
0.4867
0.5312
0.3404
0.7275
0.0877
0.4370
0.2892
0.4634
0.1750
0.3087
0.4701
0.3386
0.5000
0.3333
0.3519
0.3052
0.5816
0.1894
0.6000
0.3641
0.6488
0.4531
0.3672
0.8421
0.4821
0.3990
0.2405
0.5054
0.9259
0.4590
0.6921
0.4410
0.6225
0.3615
0.6379
0.8879
0.4386
0.3589
0.5309
0.6515
0.5303
0.3612
0.2131
0.4708
0.6071
0.5204
0.6100
0.5051
0.4638
0.1923
0.4010
0.5161
0.6622
0.4943
0.6129
0.6923
0.4762
0.6129
0.5525
0.4568
0.2857
0.5897
0.2303
0.5212
0.3594
0.5506
0.6657
0.5881
0.2857
0.7794
0.4589
0.4483
0.7037
0.4054
0.6747
0.4971
0.6000
0.3636
0.5972
0.5195
0.4717
0.5000
0.6554
0.1304
0.6757
0.3521
0.6154
0.7730
0.5083
0.5980
0.4105
0.7576
0.6944
0.3009
0.4239
0.3593
0.6180
0.5588
0.4682
0.3344
0.5887
0.5579
0.6778
0.4146
0.4324
0.3664
0.3931
0.4620
0.3061
0.5919
0.5729
0.6897
0.5319
0.7927
0.4996
0.3719
0.4176
0.3077
0.5849
0.4293
0.5125
0.4477
0.3918
0.6000
0.5393
0.3492
0.3636
0.6522
0.4117
0.5517
0.0435
0.4227
0.3060
0.4088
0.0857
0.4002
0.3107
0.4670
0.5556
0.5324
0.6000
0.6115
0.3469
0.3423
0.3019
0.4275
0.4048
0.3950
0.5510
0.3469
0.5880
0.6377
0.5000
0.5472
0.4024
0.6683
0.5926
0.7080
0.2161
0.5968
0.7322
0.3766
0.5775
0.6330
0.4468
0.5709
0.5603
0.5305
0.4886
0.3261
0.5750
0.5410
0.6571
0.4271
0.4429
0.5699
0.3750
0.4444
0.1515
0.7975
0.4134
0.2340
0.4118
0.5600
0.5736
0.4328
0.1711
0.3733
0.5750
0.1860
0.3617
0.4787
0.2500
0.1795
0.4255
0.3032
0.3346
0.3088
0.3918
0.4167
0.4857
0.5000
0.2745
0.3233
0.3021
0.5041
0.4188
0.4259
0.4916
0.4444
0.4884
0.3448
0.3273
0.4394
0.5000
0.3301
0.5908
0.5378
0.3257
0.5797
0.6392
0.3000
0.9600
0.4259
0.4286
0.2381
0.4247
0.5797
0.5958
0.7140
0.5155
0.6414
0.7691
0.3333
0.5958
0.5224
0.3154
0.4223
0.5801
0.6529
0.6019
0.4038
0.6292
0.5221
0.5000
0.5220
0.5697
0.6455
0.3910
0.5450
0.4444
0.3553
0.2353
0.4333
0.3869
0.6727
0.5121
0.2907
0.7960
0.3605
0.4868
0.3288
0.3889
0.5000
0.5278
0.5246
0.2755
0.4471
0.2459
0.3478
0.2632
0.4250
0.5396
0.3065
0.6038
0.6417
0.4286
0.6471
0.5916
0.5182
0.4071
0.6170
0.4925
0.3964
0.4902
0.3200
0.3952
0.5498
0.5421
0.3284
0.6413
0.4923
0.3585
0.5000
0.1176
0.9660
0.3333
0.3414
0.4030
0.7113
0.3796
0.4853
0.5660
0.6333
0.4951
1.0000
0.4000
0.4393
0.7365
0.5236
0.3250
0.4091
0.1667
0.1455
0.3924
0.3305
0.5353
0.6481
0.7033
0.5199
0.1395
0.3041
0.5570
0.2703
0.2830
0.0732
0.5069
0.4855
0.4921
0.7067
0.4853
0.4444
0.5357
0.8235
0.5833
0.3256
0.3521
0.5982
0.7028
0.5996
0.1695
0.2909
0.3023
0.3878
0.4973
0.5645
0.4138
0.6350
0.5556
0.4645
0.6056
0.6213
0.5083
0.4429
0.6885
0.4393
0.1667
0.3269
0.8555
0.6658
0.3059
0.5281
0.4306
0.4603
0.6349
0.4595
0.4674
0.4138
0.4609
0.5856
0.7156
0.5847
0.4062
0.4952
0.5906
0.8395
0.6721
0.7789
0.4253
0.4865
0.5208
0.2626
0.5211
0.3901
0.4583
0.7177
0.5479
0.2881
0.4355
0.4839
0.4563
0.5294
0.4545
0.4079
0.6294
0.4904
0.5686
0.5641
0.6126
0.5556
0.4437
0.1905
0.5147
0.3333
0.4565
0.5570
0.4692
0.5000
0.3636
0.5789
0.2635
0.5079
0.3875
0.6954
0.6251
0.5882
0.2857
0.5332
0.5650
0.3061
0.5263
0.3385
0.4842
0.4579
0.6250
0.1562
0.6312
0.3183
0.4870
0.4144
0.3645
1.0000
0.2937
0.2621
0.6728
0.5135
0.5226
0.3815
0.3182
0.4198
0.3095
0.3086
0.3902
0.5686
0.2698
0.2927
0.5597
0.4254
0.8220
0.3457
0.1500
0.5162
0.4792
0.3814
0.5085
0.5491
0.4348
0.4602
0.6429
0.3750
0.5000
0.6190
0.5625
0.6525
0.4295
0.5816
0.6667
0.4261
0.3951
0.3651
0.4167
0.6015
0.5349
0.3856
0.6273
0.5075
0.2821
0.5697
0.4286
0.3012
0.5110
0.4000
0.3955
0.3390
0.4853
0.2347
0.5275
0.4671
0.5473
0.4314
0.4792
0.3896
0.4158
0.4848
0.7355
0.4118
0.6347
0.6083
0.5595
0.6381
0.4551
0.5747
0.2997
0.6330
0.6614
0.4848
0.7407
0.5102
0.4940
0.5305
0.9328
0.5536
0.3077
0.5111
0.2549
0.6061
0.1792
0.4143
0.5814
0.6154
0.4138
0.8121
0.2805
0.1812
0.6490
0.3945
0.6332
0.4690
0.5098
0.9308
0.3526
0.6016
0.4182
0.6103
0.5208
0.5537
0.3780
0.4089
0.2917
0.4261
0.4143
0.7117
0.3491
0.2500
0.4792
0.5048
0.5455
0.2909
0.4988
0.2857
0.4591
0.6309
0.3415
0.6307
0.3545
0.5056
0.2639
0.4444
0.5921
0.5000
0.4674
0.5595
0.5220
0.4071
0.5000
0.6486
0.4891
0.4819
0.7126
0.5000
0.4606
0.4814
0.6690
0.4097
0.3404
0.6666
0.5489
0.4499
0.4779
0.6605
0.2338
0.4244
0.4535
0.5000
0.5469
0.5022
0.4121
0.5716
0.2342
0.5510
0.3783
0.3163
0.6344
0.2593
0.4892
0.4000
0.1842
0.0526
0.1111
0.5860
0.3725
0.5037
0.8929
0.2687
0.4796
0.3833
0.1613
0.6694
0.4158
0.4321
0.3711
0.3710
0.1633
0.2680
0.3983
0.6458
0.2698
0.6897
0.6193
0.6324
0.5000
0.5306
0.6327
0.4179
0.4737
0.5165
0.4122
0.2424
0.4593
0.5062
0.5556
0.4904
1.0000
0.4255
0.3971
0.3684
0.4057
0.4718
0.4618
0.5231
0.8504
0.6162
0.4896
0.6389
0.5589
0.5873
0.5149
0.4542
0.8919
0.4966
0.4489
0.2174
0.3934
0.2646
0.5851
0.5360
0.4667
0.3472
0.9048
0.4941
0.3107
0.3748
0.6683
0.3922
0.5395
0.5333
0.4000
0.4316
0.3468
0.4667
0.1607
0.5455
0.4031
0.5624
0.6056
0.5031
0.3263
0.4333
0.5294
0.2911
0.5530
0.5778
0.2553
0.4480
0.6897
0.4368
0.6220
0.6075
0.8500
0.3232
0.5986
0.5567
0.5517
0.7191
0.6306
0.6222
0.3949
0.4271
0.3200
0.5667
0.5590
0.6976
0.4846
0.5303
0.8216
0.3711
0.6957
0.5712
0.6379
0.6538
0.4878
0.6403
0.1034
0.4510
0.3396
0.5252
0.5192
0.4778
0.3788
0.8000
0.2661
0.3333
0.5605
0.4878
0.4301
0.3685
0.3188
0.3578
0.4889
0.6581
0.5098
0.6008
0.5306
0.5493
0.5512
0.4828
0.5809
0.5175
0.6588
0.8150
0.3846
0.6621
0.5625
0.5497
0.5932
0.5196
0.3797
1.0000
0.3394
0.6004
0.5727
0.6798
0.6479
0.5444
0.5586
0.5355
0.4222
0.1556
0.5909
0.4317
0.2338
0.4040
0.6494
0.3600
0.4218
0.2222
0.2807
0.4717
0.4364
0.5240
0.5359
0.1000
0.3801
0.5000
0.5556
0.3253
0.2727
0.1966
0.2917
0.4688
0.4977
0.5018
0.5270
0.5750
0.7629
0.3875
0.5960
0.5656
0.1471
0.4114
0.5263
0.7667
0.4597
0.3390
0.5403
0.4757
0.4357
0.3525
0.2801
0.4564
0.4453
0.4348
0.1225
0.5385
0.5208
0.4713
0.2536
0.7692
0.3704
0.6181
0.8258
0.6379
0.5942
0.3836
0.3153
0.4808
0.4838
0.3871
0.2844
0.3573
0.3908
0.3600
0.4079
0.5396
0.4069
0.6403
0.3795
0.2841
0.3139
0.4865
0.4273
0.2500
0.4853
0.4348
0.4368
0.6950
0.3859
0.4062
0.4940
0.1379
0.5660
0.7000
0.1842
0.6919
0.8763
0.5043
0.6948
0.7662
0.5699
1.0000
0.4912
0.3035
0.3871
0.5411
0.3788
0.5312
0.7907
0.2368
0.6344
0.5403
0.2667
0.0870
0.5196
0.3571
0.2500
0.1972
0.5991
0.4223
0.5241
0.5195
0.5244
0.6734
0.3990
0.4569
0.6270
0.2431
0.4030
0.4504
0.5478
0.6550
0.8214
0.5505
0.5367
0.3452
0.5312
0.6035
0.5903
0.5095
0.5888
0.3929
0.6368
0.2801
0.5652
0.9500
0.2544
0.4222
0.3210
0.4516
0.9474
0.3619
0.4462
1.0000
0.7082
0.5244
0.1667
0.5448
0.4797
0.3232
0.4488
0.5246
0.6087
0.3811
0.6471
0.4271
0.4248
0.3333
0.4969
0.5127
0.4667
0.6267
0.6923
0.4844
0.2414
0.4082
0.5444
0.2941
0.8802
0.3667
0.5670
0.3205
0.4259
0.4964
0.5672
0.6271
0.4337
0.5864
0.6096
0.5415
0.2771
0.3677
0.8018
0.5143
0.3659
0.4997
0.8006
0.5774
0.5469
0.5971
0.8000
0.4364
0.1983
0.6344
0.3873
0.4941
0.3896
0.4486
0.4403
0.3265
0.3542
0.2444
0.7000
0.6629
0.6522
0.5161
0.4400
0.3737
0.4914
0.5087
0.5250
0.4766
0.5602
0.4640
0.1908
0.4935
0.3630
0.5443
1.0000
1.0000
0.5827
0.2917
0.5444
0.4808
0.6782
0.4346
0.6026
0.3441
0.2789
0.4067
0.5744
0.6212
0.5111
0.6304
0.6562
0.4686
0.4557
0.4587
0.6161
0.4754
0.3316
0.4545
0.5490
0.5333
0.4783
0.6382
0.4709
0.6923
0.5988
0.4223
0.5743
0.6019
0.3462
0.3935
0.5128
0.4369
0.4318
0.3759
0.2946
0.4150
0.4255
0.8244
0.3790
0.3433
0.5515
0.3556
0.5842
0.6311
0.3841
0.3731
0.6441
0.5944
0.1786
0.4734
0.6294
0.2978
0.4778
0.2115
0.5385
0.6697
0.5625
0.2816
0.8051
0.4618
0.8304
0.5732
0.3395
0.5570
0.6000
0.7176
0.2564
0.5595
0.6750
0.4506
0.4394
0.6068
0.6000
0.5742
0.5480
0.5956
0.6294
0.4000
0.5322
0.6996
0.5357
0.4505
0.5914
0.5000
0.3684
0.5233
0.5144
0.3452
0.6842
0.5723
0.4261
0.6539
0.4535
0.3918
0.6102
0.5150
0.7222
0.5953
0.3647
0.8587
0.4359
0.3349
0.6162
0.4103
0.4180
0.4531
0.3458
0.7487
1.0000
0.2941
0.4754
0.4483
0.4000
0.4789
0.4405
0.5364
0.2273
0.4624
0.2667
0.5068
0.4135
0.4338
0.5175
0.3963
0.2660
0.4694
0.3950
0.4189
0.5546
0.5534
0.6660
0.4863
0.5297
0.7013
0.5481
0.4628
0.2667
0.7725
0.4800
0.6053
0.5337
0.2373
0.4399
0.4612
0.7571
0.5757
0.5082
0.3842
0.6435
0.6080
0.4857
0.7833
0.2136
0.5204
0.3949
0.1370
0.7369
0.3143
0.5050
0.5321
0.6442
0.3895
0.5823
0.7083
0.4234
0.4085
0.5668
0.5505
0.5404
0.3776
0.4423
0.4000
0.6351
0.5902
0.5470
0.5756
0.4615
0.3694
0.3520
0.5077
0.6062
0.4282
0.3469
0.5349
0.5000
0.4845
0.5000
0.4681
0.7024
0.4271
0.5679
0.5747
0.6089
0.5929
0.6596
0.7500
0.7163
0.6240
0.4365
0.5408
0.6170
0.5288
0.5200
0.6022
0.3730
0.3763
0.5841
0.2394
0.5561
0.5407
0.5123
0.6120
0.4746
0.5458
0.4394
0.4079
0.7103
0.5346
0.2056
0.4032
0.3854
0.5714
0.5833
0.4596
0.4242
1.0000
0.6540
0.4783
0.4414
0.2986
0.4314
0.3234
0.2500
0.4861
0.4211
0.3026
0.5265
0.3144
0.4551
0.3036
0.3731
0.3806
0.4571
0.2340
0.6918
0.3226
0.5524
0.5224
0.2853
0.5192
0.5517
0.6582
0.5594
0.5159
0.5206
0.2907
0.2547
0.6250
0.5090
0.5804
0.5294
0.5957
0.5404
1.0000
0.6265
0.3473
0.4000
0.6164
0.6158
0.4806
0.4933
0.6633
0.5381
0.6810
0.5886
0.8490
0.5930
0.3833
0.5446
0.2647
0.5000
0.7332
0.3885
0.5372
0.4314
0.5307
0.4035
0.4414
0.5767
0.3337
0.4397
0.5159
0.4300
0.5935
0.2164
0.5625
0.3750
0.6875
0.5652
1.0000
0.5665
0.5091
0.4677
0.4196
0.4242
0.6204
0.1875
0.3736
0.5064
0.5688
0.3706
0.5222
0.5283
0.4211
0.7756
0.5038
0.4314
0.2273
0.6614
0.4559
0.5050
0.3750
0.4409
0.5575
0.5743
0.4726
0.4516
0.4321
0.4549
0.2966
0.6102
0.4502
0.2857
0.6003
0.5000
0.3273
0.4851
0.7245
0.4681
0.5926
0.4000
0.5455
0.4747
0.8000
0.7460
0.4484
0.4868
0.5014
0.4352
0.3485
0.5962
0.6449
0.3830
0.4909
0.5915
0.3714
0.5147
0.6066
0.2000
0.3377
0.4904
0.5588
0.3111
0.4551
0.6562
0.5843
0.6288
0.6250
0.3607
0.4219
0.5986
0.3627
0.2697
0.3496
0.1071
0.4839
0.5015
0.3789
0.4683
0.3267
0.4767
0.4462
0.4618
0.3590
0.1750
0.5588
0.3089
0.4152
0.3927
0.8065
1.0000
0.5000
0.2000
0.5724
0.5000
0.5902
0.4813
0.5128
0.5070
0.9362
0.5509
0.7124
0.4151
0.5559
0.3750
0.6261
0.4909
0.4627
0.4866
0.6949
0.8085
0.3415
0.2000
0.5606
0.4111
0.5804
0.5571
0.4737
0.4865
0.4911
0.6897
0.3034
0.9762
0.5625
0.3333
0.3785
0.9192
0.4324
0.5714
0.5185
0.5069
0.2922
0.5333
0.6410
0.5652
0.5000
0.2267
0.4354
0.5254
0.7609
0.3885
0.5258
0.4206
0.7646
0.5903
0.5686
0.3396
0.5942
0.6091
0.4737
0.5345
0.4500
0.2593
0.5861
0.7381
0.5250
0.5073
0.3860
0.5423
0.5791
0.4575
0.4302
0.6522
0.4222
0.4004
0.3822
0.4306
0.4516
0.5683
0.5385
0.5649
0.4444
0.5882
0.4861
0.4020
0.8203
0.4865
0.5519
0.4816
0.4634
0.4805
0.5535
0.5000
0.3936
0.3418
0.1860
0.5079
0.0847
0.4686
0.4000
0.5987
0.5246
0.3750
0.5000
0.5963
0.6373
0.5977
0.5375
0.5556
0.5204
0.7343
0.6350
0.6818
0.6486
0.4665
0.5508
0.6761
0.1951
0.4892
0.4697
0.6360
0.5430
0.5208
0.5595
0.2581
0.4397
0.4722
0.6000
0.6064
0.5147
0.6423
0.6163
0.6216
0.4904
0.4444
0.3429
0.5139
0.2973
0.4736
0.5804
0.4909
0.5976
0.5658
0.4455
0.4946
0.7429
0.5645
0.4220
0.5135
0.2727
0.2797
0.5593
0.4762
0.3689
0.1290
0.3455
0.2105
0.6759
0.1364
0.1724
0.5547
0.5118
0.5009
0.5838
0.5617
0.6679
0.6261
0.4496
0.4388
0.4957
0.4917
0.5186
0.6778
0.6370
0.3380
0.3200
0.5782
0.5469
0.9213
1.0000
0.4605
0.6727
0.8011
0.5350
0.5449
0.3714
0.5603
0.5823
0.5128
0.5049
0.4528
0.5431
0.7333
0.5476
0.3727
0.5698
0.3548
0.6603
0.4464
0.5993
0.5003
0.4194
0.4032
0.4259
0.5627
0.2857
0.5113
0.3692
0.6679
0.5553
0.4653
0.3415
0.5000
0.4731
0.5769
0.5486
0.5327
0.3793
0.5806
0.6024
0.3033
0.4312
0.6227
0.5747
0.5373
0.5690
0.5344
0.3636
0.2048
0.6490
0.4481
0.5227
0.3953
0.5283
0.4757
0.2381
0.4341
0.5152
0.6619
0.6123
1.0000
0.5342
0.4465
0.3560
0.3625
0.4242
0.6382
0.4065
0.5697
0.3464
0.7065
0.4898
0.6700
0.4062
0.7241
0.3784
0.3155
0.6319
0.5385
0.4261
0.6000
0.3525
0.3605
0.2832
0.3968
0.5023
0.4118
0.5610
0.8916
0.2450
0.3967
0.2783
0.3945
0.4286
0.4821
0.5573
0.4755
0.5882
0.4104
0.4490
0.3232
0.5271
0.4928
0.5083
0.1739
0.5278
0.5258
0.5455
0.5744
0.5696
0.2903
0.4345
0.4568
0.4520
0.3751
0.4076
0.3991
0.5931
0.6351
0.5000
0.5980
0.2168
0.2444
0.5000
0.4815
0.6413
0.5284
0.5216
0.3306
0.9629
0.5680
0.4839
0.6706
0.6184
0.8310
0.4559
0.3197
0.4949
0.5653
0.4231
0.4054
0.6841
0.3492
0.2800
0.9314
0.3465
0.5804
0.5185
0.5333
0.6507
0.6179
0.3548
0.3077
0.4066
0.5509
0.5571
0.6415
0.5491
0.5968
0.4457
0.5323
0.4455
0.6063
0.4314
0.7323
0.1458
0.4436
0.2897
0.4048
0.5000
0.5949
0.5588
0.2600
0.4293
0.5647
0.4614
0.5000
0.4302
0.5092
0.3409
0.6538
0.6398
0.1837
0.6033
0.6707
0.4014
0.7206
0.5534
0.6000
0.6248
0.3091
0.3600
0.4016
0.3041
0.8295
0.3515
0.2895
0.3409
0.4663
0.3125
0.5397
0.3478
0.2969
0.2222
0.5000
0.6545
0.2200
0.5830
0.6048
0.3846
0.4015
0.5887
0.4036
0.3651
0.4110
0.6500
0.5738
0.2742
0.4961
0.3902
0.3889
0.6207
0.5417
0.5312
0.5871
0.5844
0.4318
0.4545
0.2089
0.3790
0.2600
0.4093
0.5022
0.6478
0.6875
0.6279
0.4910
0.4286
0.2398
0.5165
0.3158
0.8235
0.2821
0.6339
0.4348
0.2660
0.2500
0.4806
0.4169
0.5312
0.3953
0.5000
0.2667
0.5039
0.4913
0.6710
0.3495
0.9066
0.5672
0.4853
0.5067
0.5005
0.8110
0.5010
0.5426
0.6121
0.6210
0.7893
0.5062
0.4836
0.6646
0.4122
0.3088
0.7210
0.4720
0.5000
0.4492
0.7422
0.6932
0.4739
0.6226
0.2862
0.5183
0.2885
0.6910
0.2969
0.5563
0.4789
0.4961
0.3068
0.5714
0.4993
0.4941
0.4203
0.6056
0.4991
0.5455
0.3137
0.5365
0.4338
0.4574
0.2388
0.3634
1.0000
0.5464
0.3385
0.4354
0.0959
0.2653
0.0435
0.5517
0.6720
0.3659
0.3056
0.4889
0.5321
0.5714
0.5481
0.6122
0.3529
0.5880
0.4199
0.5000
0.3770
0.5667
0.1280
0.3636
0.5238
0.3333
0.2759
0.5714
0.3091
0.5518
0.3158
0.3421
0.2832
0.4899
0.5302
0.4805
0.3333
0.2941
0.3800
0.6213
0.4561
0.5200
0.6923
0.4545
0.5336
0.4267
0.4107
0.5641
0.3966
0.4478
0.2839
0.5325
0.4054
0.7123
0.6375
0.6489
0.5066
0.4138
0.4892
0.5959
0.5533
0.5432
0.5046
0.6662
0.6888
0.2394
0.5319
0.7439
0.5467
0.6079
0.5672
0.3478
0.3472
1.0000
0.5954
0.5641
0.6316
0.3681
0.4529
0.6364
0.5424
0.7665
0.6994
0.2206
0.3736
0.3796
0.5420
0.4361
0.6579
0.4110
0.4762
0.6190
0.5735
0.5436
0.4196
0.3711
0.3660
0.4471
0.5387
0.4062
0.5234
0.4000
0.3036
0.4517
0.4869
0.4661
0.5077
0.4850
0.3929
0.5548
0.5057
0.2763
0.5217
0.7371
0.4828
0.5364
0.6269
0.5714
0.6034
0.6985
0.5597
0.5849
0.5679
0.6159
0.5839
0.6740
0.5182
0.5682
0.4333
0.4172
0.7105
0.4038
0.5122
0.4925
0.4167
0.6319
0.2685
0.5315
0.6202
0.4108
0.5809
0.2987
0.2258
0.2727
0.4884
0.3443
0.2917
0.6274
0.2712
0.5148
0.4054
0.3361
0.5532
0.2803
0.2500
0.5588
0.5030
0.3521
0.3670
0.3160
0.4253
0.1549
0.4224
0.4211
0.6500
0.6172
0.4900
0.2599
0.4878
0.4955
0.1455
0.1714
0.2281
0.3625
0.5861
0.7638
0.3111
0.4295
0.5556
0.2830
0.6183
0.4706
0.6533
0.5229
0.4370
0.5060
0.5000
0.9362
0.5278
0.4453
0.5323
0.6571
0.4945
0.7298
0.7136
0.4044
0.4141
0.5088
0.7223
0.3556
0.2807
0.4409
0.3377
0.6449
0.2388
0.7309
0.4629
0.4830
0.4494
0.3425
0.3846
0.5903
0.6607
0.3382
0.6284
0.7875
0.3429
0.5714
0.4902
0.6116
0.4359
0.6462
0.5758
0.7590
0.8238
0.4381
0.9444
0.5253
0.2623
0.3667
0.5139
0.2769
0.6371
0.4333
0.8045
0.7564
0.7438
0.8839
0.4468
0.4194
0.2456
0.2639
0.2400
0.5886
0.5065
0.2727
0.5000
0.3889
0.2933
0.4783
0.6262
0.6504
0.4545
0.5000
0.7567
0.6613
0.5077
0.3080
0.1970
0.4117
0.4375
0.6469
0.5121
0.4538
0.3890
0.4052
0.3937
0.4421
0.5385
0.6078
0.5957
0.5879
0.5833
0.5176
0.4405
0.4270
0.5996
0.7489
0.2500
0.5065
0.5884
0.3452
0.5500
0.4477
0.3325
0.8174
0.2500
0.5619
0.4000
0.5377
0.6324
0.6816
0.3316
0.7753
0.5362
0.4847
0.8409
0.4143
0.4283
0.7812
0.4364
0.4344
0.5433
0.7009
0.6137
0.3051
0.4333
0.6129
0.4328
0.5556
0.5065
0.5000
0.3343
0.6616
0.4674
0.2857
0.4846
0.5844
0.5854
0.6573
0.5227
0.5711
0.5132
0.5279
0.5240
0.4914
0.2366
0.4888
0.3488
0.4561
0.5652
0.5628
0.2549
0.5526
0.4000
0.4757
0.2896
0.4667
0.5165
0.6622
0.4162
0.4000
0.5626
0.5400
0.3046
0.4445
0.7659
0.5047
0.5960
0.6241
0.5578
0.4148
0.5606
0.5926
0.6062
0.4000
1.0000
0.6087
0.5298
0.4439
0.5600
0.6200
0.5780
0.5651
0.5415
0.5072
0.4032
0.4703
0.5213
0.3245
0.4971
0.5147
0.5172
0.5455
0.3810
0.4783
0.4348
0.6615
0.3773
0.4877
0.3333
0.4011
0.4708
0.4556
0.3370
0.6692
0.5193
0.3043
0.6471
0.5087
0.5152
0.5368
0.4521
0.5870
0.4940
0.6396
0.5000
0.4475
0.4486
0.3759
0.4077
0.3358
0.3990
0.5269
0.4108
0.4084
0.2647
0.5216
0.4276
0.3917
0.7145
0.2992
0.5442
0.4296
0.5000
0.5117
0.3765
0.2239
0.5179
0.5000
0.4019
0.4762
0.5700
0.6780
0.6719
0.4783
0.5494
0.6455
0.5484
0.6083
0.7453
0.4138
0.3442
0.2917
0.4865
0.5707
0.5294
0.3767
0.3214
0.4865
0.3750
0.8226
0.6271
0.4177
0.8390
0.5045
0.3644
0.8179
0.3125
0.3710
0.3942
0.8109
0.5893
0.6974
0.6883
0.5714
0.9157
0.5172
0.4725
0.4500
0.4875
0.5495
0.0930
0.3308
0.3864
0.4646
0.7092
0.3043
0.4944
0.3077
0.5739
0.4572
0.2602
0.2199
0.2985
0.7278
0.8571
0.5156
0.4084
0.6122
0.3793
0.1500
0.6289
0.2857
0.5711
1.0000
0.5363
0.3256
0.3261
0.5055
0.4091
0.5262
0.2521
0.2626
0.3359
0.2482
0.5294
0.3980
0.5476
0.3725
0.5630
0.5000
0.4821
0.4695
0.2613
0.7500
0.4299
0.6176
0.3263
0.5743
0.5138
0.3788
0.2507
0.5868
0.4706
0.5333
0.5345
0.5882
0.7872
0.2963
0.1636
0.4953
0.3667
0.3097
0.4385
0.4402
0.5085
0.5400
0.3304
0.6274
0.4513
0.4469
0.8022
0.5175
0.6642
0.5477
0.4973
0.5126
0.3953
0.3548
0.4668
0.6143
0.7990
0.4275
0.5149
0.5506
0.6555
0.7246
0.5204
0.6211
0.5172
0.3860
0.6970
0.3878
0.6111
0.9149
0.7232
0.1892
0.8868
0.8901
0.4722
0.4990
0.8684
0.6234
0.7656
0.3605
0.4697
0.3163
0.5278
0.6957
0.4167
0.4808
0.4700
0.6007
0.6031
0.6378
0.5185
0.4490
0.4120
0.4289
0.4861
0.8088
0.4616
0.6144
0.5375
0.4182
0.5232
0.3254
0.3242
0.4589
0.5273
0.5729
0.3390
0.1404
0.5530
0.5410
0.4231
0.3981
0.4154
0.6214
0.4046
0.4651
0.8571
0.5294
0.2235
0.3625
0.5217
0.4679
0.3175
0.5417
0.9818
0.5677
0.3269
0.4167
0.4000
0.4359
0.3242
0.7326
0.6197
0.4000
0.5037
0.3315
0.5864
0.5521
0.4992
0.5199
0.5302
0.2788
0.4966
0.6469
0.6471
0.5369
0.4534
0.6754
0.6615
0.2000
0.3781
0.6750
0.3304
0.6891
0.4062
0.6667
0.5455
0.4662
0.1600
0.6286
0.3333
0.7432
0.4821
0.4038
0.4138
0.2683
0.2500
0.7439
0.5102
0.4961
0.4919
0.5238
0.4689
0.3333
0.6926
0.4947
0.4353
0.3855
0.2710
0.5307
0.4242
0.4634
0.3926
0.5782
0.5246
0.6654
0.6491
0.5285
0.3875
0.6275
0.4626
0.3721
0.5881
0.6952
0.5476
0.5781
0.5787
0.4634
0.3594
0.4825
0.5869
0.5154
0.4867
0.4097
0.5111
0.5405
0.1905
0.3125
0.2991
0.6973
0.4575
0.2823
0.9000
0.4542
0.6818
0.2264
0.4337
0.7462
0.3585
0.5946
0.3232
0.0492
0.4231
0.5055
0.1667
0.4621
0.4566
0.6189
0.4065
0.5634
0.5487
0.3036
0.3021
0.1429
0.4426
0.1989
0.5672
0.2815
0.4318
0.5492
0.5227
0.2857
0.4286
0.1951
0.5686
0.4141
0.5017
0.7540
0.4211
0.2795
0.2703
0.2667
0.5826
0.4655
0.3276
0.4013
0.1930
0.4644
0.7059
0.4062
0.6944
0.5333
0.6141
0.6972
0.2875
0.3851
0.5411
0.7846
0.6990
0.5889
0.3893
0.4151
0.5937
0.7232
0.6258
0.3505
0.4646
0.5455
0.7323
0.4135
0.4138
0.6396
0.5136
0.5724
0.9005
0.4706
0.5422
0.0000
0.8824
0.2766
0.4504
0.2653
0.2526
0.2750
0.6023
0.2660
0.4254
0.2857
0.4021
0.2199
0.2125
0.4560
0.7391
0.4397
0.5798
0.4292
0.2500
0.4585
0.0789
0.5742
0.5692
0.4917
0.4007
0.2941
0.4128
0.1200
0.4886
0.2059
0.5741
0.7415
0.6107
0.3514
0.6326
0.2059
0.5468
0.6677
0.3912
0.4909
0.2963
0.3892
0.5089
0.5694
0.4000
0.4118
0.6061
0.2258
0.7246
0.3158
0.4875
0.5000
0.2963
0.1695
0.2869
0.7356
0.4870
0.5114
0.3858
0.4751
0.4284
0.3423
0.3956
0.5645
0.4396
0.4596
0.4526
0.4868
0.8099
0.3256
0.4804
0.6547
0.4828
0.6518
0.5396
0.6200
0.2143
0.6343
0.6711
0.5900
0.4419
0.6571
0.2157
0.3750
0.4699
0.3816
0.7738
0.4309
0.6550
0.3844
0.5581
0.6244
1.0000
0.2308
0.7504
0.5667
0.5000
0.8750
0.5000
0.9600
0.5208
0.4483
0.3036
0.4926
0.4611
0.4415
0.6766
0.4593
1.0000
0.5246
0.5929
0.7200
0.1304
0.6044
0.4643
0.4709
0.1724
0.7500
0.4605
0.4680
0.5219
0.4250
0.6452
0.4688
0.5466
0.7170
0.3737
0.5062
0.5429
0.6154
0.4260
0.6939
0.3486
0.4185
0.4069
0.4225
0.4167
0.6260
0.3734
0.4603
0.4933
0.5217
0.3980
0.5292
0.6421
0.4942
0.6027
0.8593
0.3889
0.4000
0.3611
0.5159
0.3509
0.2590
0.0882
0.3910
0.3000
0.5614
0.4672
0.5000
0.4028
0.5616
0.3485
0.5160
0.2281
0.4788
0.5339
1.0000
0.4032
0.0282
0.5949
0.3386
0.3281
0.1949
0.3694
0.6409
0.5057
0.3965
0.6452
0.4568
0.4167
0.6111
0.3421
0.6006
0.5000
0.2557
0.4411
0.3185
0.2618
0.3894
0.4094
0.5797
0.7333
0.3011
0.6225
0.6040
0.5183
0.5618
0.4750
0.5498
0.5833
0.4103
0.6824
0.6739
0.3938
0.3387
0.2399
0.4386
0.3056
0.4444
0.4598
0.4211
0.3229
0.7576
0.2208
0.5219
0.3333
0.7000
0.4143
0.3190
0.4571
0.1379
0.1698
0.4430
0.3765
0.3944
0.5748
0.6456
0.7400
0.4167
0.8750
0.6038
0.3012
0.4747
0.2451
0.3931
0.4910
0.6007
0.5268
0.5500
0.5331
0.4227
0.6994
0.4726
0.6864
0.4096
0.4317
0.4956
0.2571
0.3252
0.3906
0.3774
0.5875
0.4044
0.5741
0.5200
0.5873
0.6250
0.6415
0.4375
0.4565
0.6816
0.6879
0.4539
0.3752
0.7115
0.5957
0.2683
0.5371
0.4561
0.1429
0.5541
0.3246
0.4741
0.6032
0.3834
0.3016
0.4690
0.5906
0.4000
0.4546
0.4186
0.6047
0.6579
0.6218
0.3043
0.6330
0.7469
0.4921
0.4167
0.5719
0.7099
0.4500
0.5417
0.5410
0.3152
0.3738
0.4130
0.3924
0.4082
0.3478
0.5515
0.4935
0.4000
0.6019
0.3233
0.5075
0.4719
0.4895
0.5692
0.7581
0.6434
0.6809
1.0000
0.6875
0.2031
0.4815
0.6977
0.3345
0.2791
0.3147
0.3527
0.4269
0.3276
0.4444
0.4807
0.3214
0.4324
0.4799
0.4747
0.1786
0.1765
0.4770
0.3722
0.3913
0.5164
0.4203
0.4713
0.5538
0.6532
0.7266
0.7502
0.3450
0.5000
0.0492
0.3184
0.4500
0.4762
0.3333
0.3102
0.3316
0.2889
0.5522
0.4520
0.3866
0.3269
0.6686
0.2235
0.2414
0.6216
0.6000
0.5119
0.7000
0.6735
0.2548
0.4257
0.6973
0.3373
0.4909
0.5000
0.4837
0.4390
0.2308
0.3412
0.3881
0.4061
0.6427
0.3028
0.3750
0.5226
0.4444
0.6191
0.8478
0.5510
0.5761
0.5247
0.3228
0.6806
0.3670
0.4629
0.6085
0.3300
0.5744
0.5800
0.4898
0.5000
0.5929
0.0000
0.4915
0.4916
0.2381
0.7065
0.1053
0.3462
0.4123
0.7514
0.8657
0.5943
0.1519
0.4146
0.4905
0.3379
0.4626
0.2174
0.3707
0.5407
0.0732
0.2530
0.4167
0.4781
0.4163
0.3077
0.5633
0.4572
0.3478
0.4934
0.1250
0.1868
0.3271
0.6944
0.2400
0.6136
0.4302
0.4817
0.2587
0.2199
0.3418
0.3811
0.7391
0.2826
0.6272
0.2255
0.5774
0.4964
0.5848
0.4444
0.1894
0.4226
0.3134
0.3455
0.3250
0.2917
0.5506
0.3519
0.5481
0.6533
0.5558
0.4281
0.5820
0.5849
0.4309
0.6704
0.4774
0.4478
0.6186
0.5088
0.5022
0.6885
0.7727
0.4969
0.4857
0.3210
0.4643
0.5635
0.4884
0.5426
0.5185
0.4863
0.6765
0.4560
0.3099
0.6889
0.3667
0.3421
0.8353
0.6092
0.4164
0.5208
0.6994
0.6040
0.6462
0.1538
0.5734
0.5227
0.3860
1.0000
0.2687
0.4848
0.6000
0.3946
0.4762
0.4953
0.6319
0.3857
0.5651
0.7849
0.3306
0.5863
0.4631
0.5039
0.4178
0.1667
0.6250
0.5397
0.6116
0.6206
0.5537
0.5797
0.5202
0.5994
0.4470
0.4286
0.4096
0.3855
0.3958
0.5806
0.5245
0.3976
0.5754
0.6786
0.3750
0.8520
0.4724
0.5354
0.8074
0.4242
0.6767
0.4714
0.6190
0.4236
0.8158
0.5892
0.7262
0.4147
0.5053
0.8375
0.1765
0.4115
0.6364
0.4907
0.4167
0.5833
0.4210
0.7724
0.5077
0.5753
0.4918
0.5141
0.5503
0.5790
0.6566
0.4066
0.6866
0.5208
0.3958
0.4089
0.4256
0.3941
0.6508
0.3684
0.2969
0.5647
0.3807
0.5294
0.3829
0.3848
0.3404
0.7708
0.6427
0.6372
0.4360
0.5656
0.5388
0.5789
0.5478
0.5848
0.6467
0.5788
0.7090
0.6667
0.1711
0.4516
0.5669
0.0714
0.3051
1.0000
0.4143
0.3820
0.4630
0.4583
0.7450
0.4091
0.5940
0.5938
0.5923
0.5413
0.6167
0.4792
1.0000
0.4777
0.8125
0.5522
0.4130
0.6471
0.5758
0.3626
0.3824
0.7428
0.3887
0.6305
0.2260
0.4631
0.4378
0.7227
0.5229
0.7188
0.5980
0.5756
0.5536
0.5907
0.4739
0.6591
0.4372
0.5267
0.6784
0.6210
0.3596
0.4790
0.4623
0.4194
0.9444
0.5000
0.3366
0.5660
1.0000
0.3091
0.4194
0.2628
0.6099
0.4771
0.3660
0.4407
0.3445
0.4633
0.4755
0.3358
0.6247
0.5652
0.6071
0.5325
0.4667
0.3239
0.7141
0.6275
0.5037
0.4026
0.4247
0.2951
0.3155
0.6579
0.6098
0.6164
0.5437
0.4308
0.5337
0.5205
0.4091
0.3488
0.3519
0.4286
0.4256
0.3619
0.5424
0.6559
0.5584
0.6098
0.4660
0.4485
0.2381
0.6875
0.3723
0.4348
0.5461
0.3165
0.3776
0.5294
0.1429
0.3636
0.3462
0.3445
0.5748
0.3289
0.5330
0.4318
0.5192
0.6333
0.5323
0.3333
0.5649
0.3864
0.3793
0.7588
0.4888
0.3172
0.6519
0.4681
0.5286
0.5833
0.5278
0.7274
0.5905
0.3333
0.5452
0.6178
0.8611
0.5000
0.5359
0.5497
0.3854
0.9149
0.5249
0.5046
0.5528
0.4758
0.4912
0.5000
0.5249
0.2222
0.6663
0.3261
0.4677
0.7838
0.3684
0.6629
0.5139
0.6284
0.6270
0.5645
0.4084
0.5672
0.5735
0.5357
0.5833
0.3958
0.4545
0.6614
0.5479
0.2278
0.2500
0.5811
0.5469
0.5128
0.4807
0.6471
0.5513
0.5921
0.8266
0.6923
0.6971
0.3333
0.5263
0.4118
0.8011
0.4392
0.4722
0.3259
0.4710
0.5267
0.4895
0.6519
0.5789
0.6032
0.6746
0.3205
0.5116
0.7955
0.4106
0.3438
0.7297
0.4815
0.4516
0.5205
0.8707
0.3586
0.2264
0.5514
0.5586
0.4375
0.6539
0.6585
0.2985
0.5561
0.6020
0.4801
0.6231
0.3667
0.6615
0.4393
0.4149
0.4500
0.6099
0.5375
0.5576
0.4043
0.5541
0.4074
0.5748
0.4729
0.7576
0.1507
0.4286
0.4359
0.6667
0.8444
0.2360
0.4673
0.5097
0.8088
0.5384
0.6316
0.3842
0.4693
0.4211
0.2676
0.3077
0.2063
0.7062
0.5450
0.4825
0.3729
1.0000
0.4286
0.5714
0.5964
0.3571
0.5397
0.5949
0.5179
0.4706
0.7349
0.8019
0.5813
0.5952
0.5493
0.5645
0.6799
0.6235
0.2794
0.4573
0.4471
0.5505
0.5556
0.6428
0.5556
0.8630
0.5872
0.6603
0.5580
0.6531
0.6384
0.4937
0.3355
0.3026
0.4689
0.6599
0.4423
0.2979
0.5217
0.5770
0.1176
0.3681
0.4318
0.1860
0.3836
0.3699
0.3500
0.1702
0.6297
0.4780
0.5606
0.6866
0.3774
0.2000
0.6564
0.6248
0.7087
0.4119
0.4439
0.2039
1.0000
0.6066
0.3898
0.5727
0.4821
0.6552
0.4114
0.8070
0.5069
0.5181
0.3593
0.4423
0.4506
0.5326
0.5938
0.5030
0.4851
0.7185
0.4868
0.6545
0.6315
0.6181
0.5319
0.5496
0.5345
0.6327
0.3704
0.5532
0.6931
0.6089
0.4762
0.3750
0.3826
0.8293
0.5083
0.3544
0.4861
0.4688
0.2368
0.8902
0.1538
0.3513
0.2083
0.6761
0.7457
0.6228
0.3462
0.5811
0.5152
0.7377
0.2540
0.4977
0.4911
0.3660
0.4314
0.3974
0.5374
0.4216
0.3962
0.6114
0.7895
0.5455
0.6105
0.5116
0.5042
0.5224
0.2857
0.5154
0.4028
0.7631
0.6788
0.2344
0.7058
0.5384
0.4103
0.3000
0.1125
0.4789
0.3144
0.5148
0.4302
0.4324
0.4632
0.4946
0.4783
0.4958
0.5690
0.2850
0.7150
0.3398
0.3879
0.8421
0.4910
0.1667
0.5263
0.5082
0.6386
0.4048
0.0625
0.5222
0.4774
0.4488
0.6209
0.8382
0.5210
0.5556
0.3860
0.5975
0.5574
0.4866
0.4603
0.5769
0.6141
0.3826
0.3474
0.4722
0.3830
0.4508
0.6638
0.3247
0.4279
0.3654
0.3968
0.5662
0.7546
0.4543
0.0000
0.3837
0.4587
0.7255
0.5862
0.6740
0.3571
0.4500
0.5172
0.4582
0.4875
0.3810
0.4113
0.6528
0.8226
0.4720
0.7685
1.0000
0.4000
0.6136
0.4372
0.4094
0.8889
0.6897
0.6090
0.5627
0.6676
0.5152
0.4193
0.4588
0.6387
0.5714
0.4585
0.3183
0.3750
0.8750
0.3462
0.5946
0.5167
0.4151
0.1910
0.3721
0.5848
0.7593
0.4394
0.3162
0.2115
0.4490
0.4144
0.3683
0.5877
0.4911
0.6587
0.9565
0.8141
0.6800
0.4919
0.3934
0.5043
0.9400
0.7305
0.4191
0.4360
0.7143
0.8669
0.3043
0.4911
0.4142
0.5011
0.5833
0.9169
1.0000
0.3261
0.2857
0.4886
0.4375
0.4557
0.6893
0.4412
0.4130
0.4000
0.6759
0.7241
0.6055
0.6405
0.7234
0.4788
0.6279
0.1538
0.5510
0.5294
0.5453
0.4412
0.4929
0.5588
0.5673
0.5052
0.5468
0.5652
0.4598
0.2826
0.4712
0.5565
0.4416
0.5469
0.4697
0.6571
0.5404
0.6651
0.3226
0.7778
0.4934
0.4000
0.6400
0.5119
0.4521
0.4387
0.4271
0.5058
0.3295
0.4346
0.4048
0.5404
0.6210
0.4444
0.2948
0.4000
0.3984
0.4617
0.2708
0.5000
0.4878
0.6667
0.4890
0.3991
0.5446
0.4727
0.5573
0.4445
0.5117
0.2714
0.3966
0.5112
0.3621
0.5471
0.5562
0.3424
0.3516
0.5275
0.5652
0.7167
0.4321
0.3415
0.5250
0.6714
0.4938
0.4259
0.5890
0.2364
0.7263
0.5608
0.6010
0.3111
0.4876
0.8129
0.6065
0.5526
0.4578
0.6535
0.5827
0.3765
0.4413
0.4369
0.7353
0.4528
0.7262
0.4861
0.5042
0.3824
0.4891
0.6344
0.5046
0.4667
0.3810
0.3333
0.5895
0.1429
0.4882
0.6235
0.5370
0.5029
0.4717
0.6818
0.6200
0.4650
0.5707
0.5246
0.6046
0.4909
0.5000
0.5116
0.4643
0.4760
0.4582
0.5356
0.6712
0.4975
0.1951
0.6057
0.5382
0.6087
0.6170
0.3333
0.3458
0.1250
0.5140
0.4683
0.4545
0.3462
0.5000
0.3000
0.4752
0.5021
0.5323
0.4211
0.2533
0.3458
0.3622
0.3157
0.4321
0.4336
0.4782
0.2955
0.3604
0.4288
0.6156
0.4534
0.4655
0.7160
0.7213
0.6238
0.5300
0.5100
0.3663
0.9545
0.1125
0.3516
0.6897
0.5537
0.2257
0.7832
0.4583
0.5909
0.4737
0.3333
0.2432
0.5085
0.4667
0.6301
0.4944
0.9259
0.3279
0.3208
0.4630
0.6989
0.5000
0.4660
0.6539
0.5417
0.2915
0.2273
0.2632
0.1717
0.4667
0.5857
0.6500
0.4000
0.7574
0.5217
0.3670
0.5863
0.2593
0.6732
0.2353
0.3968
0.6758
0.6087
0.5675
0.4711
0.4107
0.5655
0.2981
0.2688
0.5215
0.6333
0.5143
0.7308
0.2250
0.3528
0.4286
0.0952
0.3659
0.7312
0.5871
0.4459
0.4637
0.4375
0.3333
0.3684
0.5832
0.5250
0.3842
0.4167
0.4494
0.6742
0.4618
0.7647
0.3804
0.1176
0.3461
0.7697
0.4607
0.3750
0.2333
0.9200
0.5303
0.5433
0.6298
0.4504
0.5725
0.4122
0.3462
0.1667
0.3479
0.5573
0.3786
0.5901
0.3608
0.6923
0.6471
0.8123
0.6316
0.6707
0.7051
0.4728
0.4977
0.3925
0.4848
0.3830
0.4690
0.6042
0.4646
0.7378
0.4921
0.5901
0.9000
0.3333
0.3793
0.3182
0.1957
0.3631
0.3784
0.5939
0.5220
0.2174
0.3333
0.5871
0.2791
0.3523
0.5695
0.2825
0.1813
0.4308
0.2174
0.1957
0.3380
0.4762
0.5926
0.3402
0.5299
0.2746
0.4174
0.2963
0.5390
0.2871
0.1707
0.4591
0.6744
0.3636
0.6049
0.3043
0.4229
0.3043
0.5266
0.6173
0.0976
0.3115
0.3734
0.4677
0.4468
0.3854
0.1806
0.4766
0.3587
0.3244
0.5859
0.8472
0.2703
0.4620
0.3381
0.5098
0.5833
0.3544
0.6894
0.3323
0.3922
0.3668
0.5206
0.7124
0.3784
0.5422
0.2609
0.3043
0.3314
0.4573
0.6339
0.0976
0.4138
0.4266
0.4705
0.7134
0.3427
0.2569
0.3463
0.6053
0.3333
0.6495
0.4329
0.3699
0.2146
0.5583
0.4760
0.6587
0.6804
0.3312
0.4231
0.3276
0.7680
0.3007
0.4783
0.1442
0.6334
0.4692
0.4765
0.4962
0.5586
0.4070
0.4496
0.2683
0.4107
0.2051
0.6269
0.3306
0.4757
0.2368
0.3095
0.4643
0.3082
0.2593
0.3585
0.6600
0.3471
0.6667
0.3647
0.6977
0.3276
0.5072
0.4358
0.4848
0.2629
0.5808
0.4524
0.4952
0.4884
0.3056
0.5862
0.4975
0.5526
0.4080
0.5943
0.5760
0.0909
0.6232
0.4905
0.9647
0.4447
0.4231
0.4788
0.6765
0.6111
0.5181
0.5781
0.5721
0.7024
0.9068
0.3333
0.5420
0.6699
0.5000
0.8974
0.7000
0.6571
0.5885
0.5441
0.4902
0.4062
0.3452
0.5682
0.2917
0.3970
0.8333
0.5327
0.4558
0.7658
0.5049
0.2222
0.8762
0.4571
0.5587
0.3191
0.7822
0.6944
0.8652
0.4100
0.6243
0.5000
0.6629
0.3167
0.3600
0.7660
0.5181
0.4287
0.4668
0.2989
0.6667
0.5950
0.4833
0.7388
0.3614
0.4900
0.3538
0.3284
0.4436
0.4931
0.4698
0.1373
0.4528
0.3750
0.7195
1.0000
0.6559
0.0645
0.3846
0.6991
0.5741
0.6078
0.6990
0.4130
0.2000
0.2292
0.4412
0.5069
0.4643
0.7917
0.1818
0.5410
0.5094
0.4230
0.2436
0.3168
0.3043
0.4827
0.6064
0.3737
0.2336
0.4211
0.4910
0.3506
0.4348
0.2838
0.3897
0.7180
0.5439
0.3719
0.5000
0.5486
0.6501
0.5493
0.8520
0.5440
0.2500
0.5034
0.5847
0.3281
0.3784
0.5611
0.4248
0.5283
0.5370
0.4118
0.7092
0.6047
0.6216
0.4645
0.4872
0.4671
0.7002
0.4496
0.5000
0.7037
0.4314
0.6530
0.4518
0.4891
0.1538
0.6910
0.3778
0.4914
0.5989
0.8391
0.4186
0.3770
0.8118
0.2456
0.4259
0.2195
0.3261
0.2500
0.8519
0.3902
1.0000
0.3858
0.8743
0.2222
0.4444
0.5479
0.3590
0.2812
0.1548
0.4000
0.4736
0.8946
0.2262
0.6897
0.3000
0.4865
0.4571
0.6538
0.3778
0.5971
0.2752
0.6286
0.7097
0.3171
0.4818
0.6414
1.0000
0.5271
0.4048
0.4837
0.4688
0.4444
0.1750
0.6139
0.5727
0.5319
0.5082
0.3117
0.5939
0.2917
0.3889
0.7959
0.7857
0.4476
0.4836
0.4250
0.6087
0.4369
0.7757
0.7039
0.4883
0.6731
0.4198
0.3506
0.7500
0.6607
0.9841
0.5108
0.5810
0.3103
0.4611
0.3532
0.4898
0.3424
0.2273
0.4784
0.4258
0.3315
0.4844
0.4948
0.4164
0.5781
0.3077
0.5000
0.4062
0.4214
0.6970
0.5668
0.5902
0.4877
0.4153
0.3421
0.3333
0.3421
0.3628
0.6632
0.2759
0.5556
0.3500
0.3051
0.6714
0.7949
0.4954
0.6123
0.5386
0.4382
0.5167
0.4148
0.4177
0.4926
0.6119
0.4429
0.3939
0.5472
0.5090
0.3316
0.3788
0.4014
0.3614
0.4571
0.3831
0.4923
0.7189
0.5108
0.7094
0.4083
0.4762
0.3559
0.6087
0.5441
0.4375
0.7794
0.4976
0.2931
0.4176
0.7735
0.3365
0.2599
0.6511
0.6281
0.2413
0.4844
0.7197
0.3617
0.4466
0.2796
0.4522
0.3312
0.7391
0.3227
0.3457
0.4086
0.5152
0.5789
0.5353
0.3898
0.7361
0.3270
0.4200
0.3621
0.7391
0.3153
0.3210
0.6149
0.7057
0.1780
0.4711
0.6155
0.3711
0.8048
0.7896
0.8132
0.6207
0.3409
0.6012
0.4737
0.2761
0.2678
0.3652
0.4460
0.5389
0.5778
0.1905
0.3182
0.5421
0.7112
0.4184
0.4943
0.5086
0.5947
0.4111
0.6415
0.4910
0.5682
0.4151
0.3871
0.5455
0.4182
0.4898
0.7799
0.4624
0.6432
0.5457
0.4110
0.5894
0.5440
0.3853
0.4516
0.3500
0.5567
0.3645
0.2197
0.5729
0.6471
0.2727
0.4091
0.4879
0.5372
0.5806
0.4206
0.5076
0.6923
0.4032
0.5231
0.5853
0.4071
0.3860
0.4386
0.5394
0.5335
0.4324
0.3958
0.4486
0.5274
0.6188
0.5697
0.6801
0.3948
0.6009
0.6143
0.4865
0.8000
0.4941
0.6050
0.4783
1.0000
0.3289
0.6472
0.6029
0.5214
0.3961
0.4346
0.5233
0.5736
0.3333
0.6888
0.5118
0.2143
0.3577
0.7291
0.6543
0.5618
0.3211
0.4643
0.5598
0.4610
0.5978
0.5252
0.6507
0.4777
0.5851
0.5460
0.4153
0.5547
0.4879
0.7710
0.5123
0.6111
0.3851
0.5102
0.5436
0.4545
0.2544
0.3611
0.6280
0.5978
0.1961
0.4927
0.6375
0.5580
0.6011
0.6219
0.5443
0.4725
0.4642
0.4727
0.7798
0.6316
0.5106
0.4583
0.5064
0.5000
0.5913
0.6400
0.5184
0.4884
0.5405
0.3770
0.4762
0.3208
0.2632
0.5281
0.1429
0.4545
0.3797
0.6071
0.8758
0.6771
0.4615
0.6163
0.4431
0.5652
0.3538
0.6389
0.5243
0.3493
0.2400
0.1197
0.4954
0.4675
0.5057
0.2885
0.5887
0.4821
0.2830
0.5709
0.9740
0.6250
0.6286
0.6261
0.3404
0.5748
0.5000
0.4201
0.6350
0.5725
0.5669
0.2049
0.1607
0.5833
0.4355
0.4284
0.3996
0.5804
0.5464
0.5695
0.1389
0.5072
0.3981
0.5231
0.2929
0.4524
0.5737
0.9231
0.4728
0.2679
0.4713
0.4038
0.7143
0.4865
0.3077
0.5435
0.7143
0.5000
0.4190
1.0000
0.5541
0.3261
0.5167
0.2174
0.7234
0.2857
0.6106
0.3673
0.5135
0.2500
0.3624
0.2457
0.6935
0.4690
0.6825
0.4725
0.1071
0.3737
0.6341
0.4304
0.5663
0.3380
0.6429
0.3333
0.5647
0.5248
0.6020
0.5604
0.5507
0.4318
0.5439
0.5143
0.4453
0.4789
0.5872
0.4616
0.4696
0.7407
0.5079
0.9444
0.4000
0.6026
0.5112
0.6000
0.4420
0.4819
0.7071
0.4176
0.6272
0.5969
0.4291
0.5990
0.4491
0.5343
0.4133
1.0000
0.5000
0.4988
0.2174
1.0000
0.7390
0.4561
0.0513
0.8833
0.6687
0.6000
0.5506
0.4251
0.6296
0.4461
0.5556
0.4746
0.5243
0.4672
0.5503
0.6220
0.7564
0.6146
0.4070
0.4710
0.8276
0.4598
0.3200
0.3571
0.5634
0.5880
0.5077
0.4211
0.4400
0.4138
0.6119
0.6087
0.5000
0.9545
0.5028
0.4000
0.4028
0.4135
0.5490
0.4686
0.4899
0.3929
0.3333
0.4948
0.4483
0.4014
0.3832
0.4500
0.6522
0.4022
0.6500
0.4865
0.9016
0.3242
0.5139
0.3220
0.6508
0.6712
0.3467
0.7557
0.4419
0.3478
0.4295
0.7794
0.3182
0.6804
0.5745
0.3623
0.7689
0.4394
0.4808
0.3629
0.4820
0.5645
0.4897
0.2699
0.3972
0.6676
0.6208
0.3545
0.4359
0.5230
0.4844
0.5714
0.3065
0.3505
0.1696
0.2928
0.4070
0.3596
0.3736
0.5385
0.5000
0.4127
0.4900
0.6778
0.4533
0.4612
0.5212
0.6629
0.3953
0.4912
0.3881
0.7183
0.5508
0.5000
0.5000
0.5455
0.5066
0.3281
0.6892
0.3392
0.3529
0.7778
0.3712
0.2895
0.5538
0.4098
0.3256
0.5167
0.3875
0.5000
0.3667
0.4571
0.5385
0.2128
0.3577
0.3431
0.5524
0.5420
0.4384
0.5926
0.4975
0.3649
0.5833
0.9931
0.3842
0.2632
0.2462
0.6071
0.9296
0.3687
0.7105
0.5007
0.3542
0.5203
0.5158
0.4328
0.5160
0.4430
0.3194
0.6765
0.1818
0.4776
0.5183
0.4547
0.1860
0.2273
0.5000
0.4397
0.4511
0.4732
0.5000
0.4987
0.4196
0.4333
0.3289
0.3119
0.6366
0.2778
0.4354
0.5309
0.3289
0.4912
0.5094
0.3211
0.5223
0.6538
0.2308
0.1765
0.5248
0.5568
0.3685
0.4747
0.6061
0.1667
0.7000
0.5714
0.7059
0.5037
0.4154
0.4123
0.4828
0.5370
0.4774
0.7143
0.6067
0.0000
0.3229
0.5173
0.6015
0.5342
0.4996
1.0000
0.6884
0.5694
0.5476
0.3729
0.5130
0.8005
0.3571
0.4390
0.3765
0.6038
0.4757
0.5515
0.4062
0.5373
0.5128
0.5754
0.4612
0.3409
0.4375
0.5000
0.4000
0.2319
0.3704
0.4821
0.3418
0.7683
0.4868
0.3404
0.7917
0.4585
0.4950
0.5385
0.5655
0.4620
0.5806
0.2857
0.5195
0.3851
0.6000
0.5094
0.3333
0.2818
0.1429
1.0000
0.1899
0.4149
0.3984
0.3362
0.1613
0.2000
0.6432
0.7406
0.3291
0.5417
0.7521
0.6806
0.7087
0.4722
0.5172
0.5132
0.6993
0.3893
0.5793
0.5058
0.3469
0.3238
0.4902
0.3889
0.6911
0.6038
0.5878
0.6405
0.6415
0.5571
0.6660
0.5542
0.6925
0.4927
0.5491
0.2353
0.5460
0.4123
0.4045
0.5309
0.5223
0.4403
0.4228
0.5543
0.4912
0.6353
0.4295
0.7491
0.5444
0.5432
0.6382
0.4926
0.4271
0.2381
0.8188
0.3695
0.5843
0.3531
0.5128
0.8385
0.6751
0.4431
0.3548
0.6396
0.4744
0.6285
0.8800
0.9470
0.5333
0.4930
0.5455
0.3276
0.3784
0.3820
0.3492
0.5050
0.5268
0.4804
0.7510
0.3875
0.6009
0.3600
0.6396
0.4468
0.7472
0.5000
0.6635
0.5916
0.7059
0.9091
0.3906
0.6129
0.4389
0.4873
0.6706
0.4115
0.0938
0.6559
0.8539
0.3407
0.5887
0.2955
0.5714
0.5260
0.5833
0.3646
0.4597
0.3538
0.4726
0.2705
0.6720
0.4471
0.5934
0.4677
0.5246
0.7125
0.3681
0.4079
0.5091
0.5808
0.2965
0.5750
0.6298
0.4319
0.9851
0.5787
0.7795
0.6588
0.6156
0.4310
0.5055
0.5324
0.4241
0.5496
0.2571
0.3630
0.3464
0.3658
0.4154
0.6688
0.3731
0.4182
0.2844
0.1481
0.3220
1.0000
0.3996
0.3743
0.4211
0.1781
0.4091
0.3942
0.1948
0.5038
0.0714
0.3654
0.7143
0.4286
0.5882
0.1379
0.2417
0.4667
0.1795
0.4444
0.2500
0.5537
0.4878
0.2917
0.5110
0.5767
0.3729
0.9820
0.5101
0.4936
0.3111
0.5146
0.4985
0.5244
0.5385
0.6866
0.5051
0.6087
0.5078
0.4016
0.6395
0.4473
0.5437
0.6159
0.3654
0.5822
0.3831
0.8576
0.6330
0.4623
0.6667
0.5428
0.4324
0.6250
0.5517
0.3980
0.3814
0.7454
0.1892
0.2250
0.3750
0.4288
0.5034
0.4009
0.1685
0.5076
0.4400
0.3927
0.6316
0.5085
0.3737
0.1778
0.5520
0.6560
0.5398
0.2460
0.8873
0.6456
0.5789
0.6766
0.3041
0.6881
0.7794
0.6723
0.7576
0.3763
0.4322
0.4427
0.5726
0.3026
0.6027
0.8802
0.5293
0.8594
0.4135
0.3784
0.6049
0.3947
0.4427
0.4855
0.3365
0.5642
0.5583
0.3699
0.4919
0.5551
0.4762
0.4435
0.6883
0.4825
0.8240
0.3939
0.4141
0.3783
1.0000
0.7482
0.6612
0.7373
0.1696
0.5345
0.5439
0.4130
0.4909
0.5000
0.4250
0.1782
0.6104
0.3107
0.4612
0.7917
0.7667
1.0000
0.6257
0.3717
0.2583
0.3987
0.6236
0.3926
0.4688
0.3600
0.5012
0.4941
0.3625
0.4930
0.5104
0.3232
0.6171
0.4808
0.4875
0.5168
0.8912
0.5442
0.4443
0.4113
0.8100
0.8137
0.4878
0.4470
0.6165
0.4859
0.5747
0.4153
0.8255
0.5828
0.4713
0.5362
0.8333
0.4945
0.4156
0.5500
0.1609
0.5907
0.7317
0.3900
0.6788
0.2690
0.4324
0.5060
0.4159
0.5055
0.3462
0.4933
0.3289
0.5455
0.4478
0.5956
0.6659
0.5405
0.5263
0.4630
0.7333
0.4605
0.5263
0.4762
0.2405
0.5183
0.4099
0.5682
0.8052
0.4750
0.5000
0.4203
0.1633
0.9333
0.6167
0.4167
0.5882
0.4767
0.2273
0.3663
0.6234
0.7471
0.5200
0.5479
0.6263
0.5714
0.5992
0.6750
0.6062
0.7987
0.4367
0.5448
0.4348
0.5638
0.1458
0.6125
0.5266
0.5644
0.6065
0.4050
0.5134
0.6613
0.5224
0.4683
0.3612
0.6238
0.5535
0.6092
0.4769
0.7238
0.4337
0.4071
0.4492
0.4216
0.5091
0.4318
0.4177
0.1951
0.4676
0.4857
0.4167
0.6051
0.2466
0.7714
0.6591
0.3667
0.3590
0.6401
0.4714
0.6218
0.3148
0.4683
0.5128
0.5417
0.4966
0.5000
0.6017
0.5183
0.3115
0.6218
0.5185
0.5373
0.5000
0.4649
0.3583
0.6289
0.6136
0.5422
0.4389
0.5476
0.7658
0.5604
0.4479
0.4188
0.5623
0.7000
0.2000
0.4521
0.4271
0.5220
0.4831
0.5256
0.4000
0.0926
0.6009
0.6661
0.4828
0.5633
0.4615
0.4045
0.3417
0.3457
0.3054
0.3137
0.3526
0.6221
0.4167
0.5364
0.9018
0.6391
0.4983
0.5376
0.5310
0.6453
0.4667
0.2756
0.2712
0.3772
0.2370
0.5116
0.2857
0.2721
0.4065
0.2209
0.0909
0.6015
0.5437
0.2970
0.3513
0.3443
0.5000
0.3923
0.4444
0.6316
0.5357
0.4773
0.5142
0.4265
0.3892
0.3636
0.4987
0.3506
0.2338
0.5954
0.2712
0.6296
0.6161
0.3794
0.4143
0.4275
0.5018
0.2596
0.8571
0.3101
0.4632
0.4253
0.4122
0.6053
0.5773
0.3820
0.3282
0.6085
0.5210
0.2542
0.1538
0.5109
0.4500
0.4573
0.2454
0.2815
0.4545
0.5179
0.3169
1.0000
0.4495
0.5090
0.3792
0.5176
0.3157
0.3662
0.3497
0.4459
0.4348
0.8000
0.3108
0.3959
0.2500
0.3986
0.3093
0.4148
0.3453
0.3339
0.5683
0.4167
0.2593
0.4280
0.4965
0.5634
0.6346
0.6895
0.4946
0.5000
0.2433
0.4952
0.7333
0.4694
0.5000
0.4014
0.5073
0.5327
0.6056
0.5816
0.5846
0.6341
0.6213
0.6820
0.4422
0.5708
0.7055
0.3500
0.3582
0.6484
0.3600
0.2515
0.5245
0.5645
0.5714
0.6740
0.4252
0.2660
0.5427
0.4615
0.5301
0.5986
0.4972
0.3200
0.8947
0.5870
0.2500
0.5509
0.4375
0.2917
0.6583
0.5926
0.6195
0.4205
0.6000
0.5590
0.3798
0.3236
0.5267
0.4925
0.3929
0.6533
0.4181
0.5429
0.5347
0.4517
0.6250
0.6190
0.5631
0.6222
0.5642
0.1136
0.4026
0.5000
0.2953
0.5333
0.3913
0.2500
0.7927
0.5250
0.4778
0.4595
0.5152
0.3924
0.4185
0.4314
0.4375
0.8500
0.6411
0.5292
0.2560
0.4246
0.7350
0.4699
0.6418
0.3814
0.3750
0.6154
0.7342
0.5016
0.6705
0.7139
0.3151
0.3585
0.5647
0.2183
0.3250
0.5000
0.3462
0.5946
0.4308
0.2828
0.5897
0.5000
0.4962
0.5870
0.2839
0.4895
0.4431
0.4535
0.4466
0.5054
0.5486
0.4885
0.4489
0.2727
0.5091
0.5746
0.5200
0.4136
0.3409
0.4085
0.3158
0.5267
0.5907
0.4023
1.0000
0.5999
0.3635
0.5166
0.7455
0.3714
0.4472
0.5274
0.5426
0.7261
0.5221
0.3678
0.0976
0.8571
0.4246
0.4963
0.3043
0.3333
0.5750
0.3125
0.9150
0.1429
0.5008
0.4267
0.3370
0.3889
0.4524
0.6170
0.5935
0.5739
0.5570
0.4042
0.0909
0.7228
0.3810
0.1132
0.3739
0.9086
0.6466
0.4846
0.6149
0.4602
0.4039
0.3804
0.4652
0.3864
0.6874
0.5556
0.3784
0.5279
0.4077
0.4267
0.4043
0.5185
0.6846
0.4851
0.9184
0.6000
0.2990
0.5379
0.5000
0.6029
0.3780
0.4731
0.4066
0.8137
0.6629
0.5361
0.6651
0.5728
0.6877
0.5135
0.4130
0.2545
0.5110
0.5600
0.5495
0.2308
0.4836
0.4945
0.4111
0.7282
0.3220
0.5551
0.5202
0.5452
0.4887
0.6382
1.0000
0.5412
0.5188
0.4831
0.5909
0.4706
0.3679
0.4737
0.5000
0.4839
0.7110
0.3807
0.3750
0.4860
0.8028
0.3991
0.4813
0.4133
0.2836
0.5132
0.5938
0.6261
0.3557
0.1379
0.6419
0.5670
0.5696
0.5882
0.0714
0.5054
0.3735
0.6154
0.7281
0.6406
0.6227
0.3750
0.5517
0.0857
0.0980
0.6154
0.2049
0.2414
0.6466
0.5217
0.8125
0.5385
0.4565
0.6940
0.6650
0.4706
0.3370
0.6333
0.6585
0.6981
0.5526
0.3061
0.4104
0.4200
0.6512
0.4725
0.4906
0.4048
0.5722
0.5952
0.6100
0.3607
0.4744
0.4266
0.5104
0.1957
0.7073
0.5319
0.5122
1.0000
0.6224
0.5587
0.7568
0.5864
0.6061
0.5444
0.5952
0.5556
0.4286
0.4039
0.3755
0.3113
0.2917
0.3625
0.6863
0.7088
0.5250
0.6667
0.5227
0.4138
0.6455
0.5217
0.5714
0.5618
0.6410
0.3153
0.2821
0.1695
0.6806
0.5099
0.5952
0.1429
0.3158
0.6630
0.5446
0.4500
0.5060
0.5252
0.4783
0.4151
0.4796
0.3286
0.5238
0.4211
0.6154
0.3846
0.4966
0.5606
0.5366
0.5307
0.4643
0.8000
0.2034
0.4516
0.4275
0.2581
0.4583
0.7353
0.5676
0.5206
0.3889
0.5716
0.4208
0.4512
0.6094
0.4886
0.6148
0.4510
0.5421
0.3023
0.6207
0.4286
0.7289
0.5749
0.4242
0.3182
0.6081
0.4858
0.6487
0.5339
0.6061
0.4000
0.3762
0.3524
0.5941
0.4262
0.7128
0.4123
0.5654
0.6762
1.0000
0.9498
0.5400
0.5000
0.4012
0.6034
0.7937
0.4541
0.3158
0.6162
0.8526
0.6320
0.5759
0.4776
0.3297
0.5970
0.5280
0.2538
0.4837
0.4828
0.1786
0.1765
0.4973
0.5986
0.4833
0.5722
0.3659
0.2414
0.2500
0.5795
0.5278
0.3368
0.6400
0.6018
0.4111
0.2308
0.3825
0.8255
0.3077
0.4647
0.1897
0.4828
0.4450
0.5752
0.4603
1.0000
0.2500
0.3846
0.1885
0.5434
0.3922
0.7125
0.7912
0.6000
0.5397
0.1136
0.5493
0.6890
0.5534
0.4296
0.5670
0.5556
0.5778
0.4359
0.6132
0.3651
0.2000
0.3502
0.5971
0.2778
0.5364
0.6042
0.3295
0.3256
0.4342
0.3435
0.3784
0.6244
0.2775
0.5947
0.2308
0.5267
0.2857
0.5000
0.5146
0.5588
0.4803
0.3404
0.6364
0.2679
0.1429
0.5156
0.5044
0.6306
0.5347
0.7241
0.4070
0.4884
0.6508
0.7292
0.4091
0.6523
0.3077
0.5813
0.4067
0.5122
0.6410
0.9650
0.6064
0.5779
0.6389
0.6383
0.6119
0.5230
0.6810
0.3284
0.5411
0.4792
0.7063
0.5102
0.5555
0.5120
0.4561
0.5672
0.6682
0.4498
0.2784
0.4167
0.2754
0.6125
0.3797
0.7063
0.5952
0.5595
0.4167
0.5625
0.5306
0.7051
0.4762
0.3333
0.6000
0.3974
0.8188
0.1892
0.5417
0.7337
0.4167
0.4762
0.4393
0.5588
0.3256
0.5800
0.6026
0.9164
0.2410
0.5588
0.3655
0.4884
0.3889
0.5149
0.7710
0.3913
1.0000
0.3636
0.4583
0.5200
0.8658
0.4890
0.3798
0.5929
0.4273
0.7450
0.4934
0.7051
0.4702
0.5758
0.9919
0.3023
0.6221
0.5133
0.5430
0.3500
0.6247
0.6879
0.5333
0.2000
0.4687
0.5647
0.4693
0.5514
0.6574
0.5372
0.5610
0.6341
0.5400
0.3952
0.5390
0.3781
0.6064
0.5359
0.7609
0.4949
0.5556
0.6333
0.8974
0.6756
0.5263
0.3091
0.5387
0.4684
0.5598
0.5705
0.5640
0.5609
0.5064
0.3571
0.6729
0.5301
0.4713
0.4498
0.6028
0.1333
0.4909
0.5000
0.5667
0.2986
0.6703
0.4444
0.5932
0.4333
0.2353
0.4533
0.3427
0.5943
0.6526
0.4885
0.4766
0.3810
0.5119
0.2097
0.3269
0.9615
0.5333
0.2973
0.3261
0.5862
0.5956
0.6965
0.4938
0.4098
0.5652
0.4287
0.3409
0.5096
0.6842
0.5585
0.5139
0.6955
0.5802
0.5676
0.5274
0.5500
0.4863
0.4777
0.5544
0.4615
0.6917
0.6778
0.5750
0.6308
0.4604
0.5231
0.4864
0.5926
0.7099
0.4306
0.5913
0.3333
0.4157
1.0000
0.3386
0.6672
0.5243
0.1875
0.2162
0.2759
0.2903
0.7561
0.3077
0.6316
0.2105
0.7234
0.6988
0.4756
0.7037
0.6410
0.6119
0.3913
0.3700
0.5464
0.3956
0.3607
0.5417
0.4550
0.5167
0.5114
0.5665
0.9333
0.3898
0.5429
0.3242
0.6591
0.6786
0.4250
0.3750
0.3051
0.4588
0.2951
0.5909
0.5000
0.6266
0.6127
0.5714
0.4725
0.3791
0.4979
0.6179
0.6809
0.4048
0.4615
0.6268
0.6616
0.6201
0.3813
0.5446
0.3469
0.4833
0.5106
0.4005
0.4021
0.5000
0.5042
0.8717
0.5556
0.4795
0.6087
0.5513
0.6226
0.4586
0.5294
0.3978
0.5321
0.5900
0.5647
0.6081
0.5614
0.6381
0.6765
0.5785
0.4444
0.5357
0.5646
0.5311
0.5909
0.2955
0.5057
0.6841
0.6336
0.6895
0.5753
0.4419
0.5641
0.5333
0.4068
0.5263
0.5864
0.4586
0.6884
0.3869
0.3533
0.5088
0.4590
0.8182
0.4565
0.5385
0.5333
0.3051
0.5579
0.5904
0.5781
0.6615
0.5248
0.4557
0.4194
0.4361
0.4390
0.8914
0.4357
0.4916
0.5070
0.5650
0.4400
0.4107
0.6905
0.5677
0.2910
0.5417
0.4961
0.4616
0.5605
0.3351
0.8279
0.5504
0.7174
0.5625
0.3485
0.5882
0.7000
0.5000
0.4406
0.5000
0.5964
0.6825
0.6849
0.5946
0.6310
0.5517
0.4653
0.4444
0.6182
0.5577
0.4034
0.7368
0.6596
0.3459
0.6794
0.6297
0.7059
0.5135
0.5152
0.3537
0.7679
0.7222
0.5926
0.3636
0.5380
0.6071
0.5506
0.4000
0.6804
0.4262
0.4390
0.3901
0.5268
0.4454
0.7519
0.2727
0.4865
0.8043
0.5806
0.2069
0.4180
0.5849
0.6076
0.4762
0.3333
0.4228
0.7037
0.5639
0.5682
0.4358
0.5969
0.4670
0.4200
0.5842
0.6579
0.6981
0.1803
0.2727
0.3256
0.5523
0.7064
0.2373
0.5450
0.4675
0.5187
0.3196
0.3125
0.6361
0.8786
0.6769
0.6954
0.1827
0.2800
0.4949
0.4464
0.4667
0.4059
0.2581
0.3125
0.2167
0.5758
0.4691
0.6529
0.5223
0.2548
0.2924
0.4609
0.4288
0.4860
0.4091
1.0000
0.3263
0.2273
0.4845
0.2785
0.7500
0.5978
0.5841
0.4000
0.5387
0.4937
0.6769
0.5109
1.0000
0.2429
0.6359
0.7165
0.5325
0.5712
0.3650
0.9511
0.3618
0.5772
0.4313
0.4699
0.8381
0.3043
0.7135
0.4956
0.6391
0.4216
0.5024
1.0000
0.5246
0.4419
0.7826
0.2698
0.5258
0.4633
0.2748
1.0000
0.5714
0.4878
0.5206
0.6468
0.4880
0.6087
0.5302
0.3902
0.4983
0.5933
0.5714
0.5205
0.4653
0.6691
0.3750
0.5776
0.2981
0.4740
0.5849
0.4599
0.4925
0.7042
0.5717
0.3036
0.4054
0.6111
0.4857
0.4110
0.5362
0.5261
0.5814
0.5933
0.3765
0.6565
0.5366
0.6312
0.7048
0.5132
0.5610
0.8333
0.5411
0.4561
0.4457
0.6723
0.4571
0.3692
0.5258
0.3883
0.3750
0.5123
0.2000
0.8197
0.5102
0.5282
0.4586
0.4568
0.5664
0.7750
0.4087
0.5989
0.4726
0.3167
0.4595
0.3750
0.9322
0.6250
0.4478
0.4012
0.8571
0.4444
0.1379
0.3396
0.2500
0.5490
0.3235
0.4254
0.4109
0.5565
0.4375
0.4944
0.5079
0.5073
0.1864
0.5000
0.4101
0.4123
0.4227
0.6082
0.3258
0.6293
0.5266
0.5420
0.6612
0.1962
0.6397
0.5000
0.4729
0.5265
0.5652
0.2917
0.4794
0.7192
0.4054
1.0000
0.5763
0.7284
0.6395
0.4125
0.4694
0.5704
0.8081
0.4615
0.5455
0.5548
0.6207
0.5789
0.3162
0.6011
0.4431
0.3720
0.3571
0.5207
0.2982
0.3411
0.3051
0.3750
0.2000
0.1803
0.4000
0.2250
0.5143
0.4878
0.6081
0.4961
0.5539
0.4656
0.3040
0.6750
0.6100
0.5429
0.5933
0.5385
0.5000
0.3976
0.3032
0.7026
0.5385
0.1786
0.5754
0.7955
0.1765
0.2979
0.2183
0.5078
0.3333
0.5515
0.5260
0.5556
0.5392
0.5517
0.3913
0.4105
0.4374
0.5108
0.4068
0.4853
0.5116
0.5412
0.7097
0.6809
0.3125
0.4065
0.4032
0.4762
0.4655
0.4810
0.4747
0.5067
0.5602
0.5258
0.5792
0.3837
0.3973
0.5238
0.4414
0.4736
0.5962
0.5651
0.4355
0.5969
0.5926
0.5630
0.5102
0.5000
0.5200
0.5250
0.3145
0.2434
0.5660
0.4227
0.5053
0.3366
0.6613
0.4917
0.6544
0.4141
0.4101
0.4835
0.5907
0.4642
0.6742
0.4091
0.5000
0.4815
0.4659
0.5909
0.4667
0.3161
0.6351
0.4827
0.5638
0.5476
0.8551
0.5714
0.6087
0.5000
0.6923
0.5862
0.7500
0.4774
0.4336
0.5756
0.3365
0.3590
0.4812
0.3820
0.5012
0.5884
0.6087
0.6111
0.2851
0.6078
0.6258
0.4918
0.2973
0.4539
0.7797
0.7014
0.5719
0.4231
0.5391
0.9062
0.8387
0.6279
0.4988
0.6217
0.5241
0.5642
0.5773
0.5244
0.4848
0.5875
1.0000
0.4286
0.3519
0.4260
0.4805
0.3461
0.7490
0.3674
0.8512
0.5520
0.5658
0.4911
0.4333
0.2768
0.5634
0.4457
0.4195
0.3205
0.5047
0.5593
0.3448
0.4615
0.5363
0.4762
0.5370
0.4992
0.6222
0.6409
0.6279
0.6351
0.4671
0.2941
0.5400
0.6071
0.5425
0.5849
0.5495
0.2654
0.4237
0.4699
0.3750
0.5022
0.6333
0.5476
0.5102
0.6009
0.5385
0.4330
0.6047
0.6847
0.7000
0.5815
0.4247
0.4906
0.2346
0.7275
0.2356
0.3881
0.1042
0.6600
0.1705
0.4609
0.0930
0.4800
0.4307
0.3016
0.3835
0.2824
0.4487
0.5897
0.4110
0.7298
0.3696
0.5905
0.4140
0.4000
0.4513
0.5301
0.4852
0.3452
0.5385
0.5140
0.3103
0.6279
0.2812
0.7059
0.5729
0.5261
0.5847
0.6026
0.3529
0.8765
0.3803
0.4607
0.4253
0.7831
0.6100
0.3532
0.5750
0.3929
0.4861
0.7460
0.1406
0.4398
0.3273
0.3759
0.0638
0.4590
0.9245
0.2609
0.6376
0.4731
1.0000
0.5000
0.5463
0.3864
0.3421
0.5199
0.5517
0.5461
1.0000
0.2275
0.4545
0.5484
0.6527
0.3012
0.2785
0.5172
0.6362
0.3578
0.6607
0.3185
0.5405
0.5556
0.7812
0.3474
0.5626
0.6222
0.3235
0.5111
0.7553
0.5798
0.4633
0.6000
0.6846
0.4022
0.5370
0.6524
0.7472
0.8571
0.6452
0.6759
0.3960
0.3386
0.3421
0.3361
0.1788
0.6757
0.3293
0.1750
0.2100
1.0000
0.5022
0.6265
0.7451
0.4762
0.6034
0.3246
0.2727
0.5331
0.3673
0.6111
0.2836
0.4095
0.7184
0.6371
0.4198
0.3519
0.7652
0.5221
0.5882
0.6356
0.2391
0.4844
0.6936
0.5000
0.8532
0.5635
0.5558
0.3621
0.5323
0.4839
0.5505
0.5170
0.3416
0.5614
0.3839
0.5735
0.6500
0.2466
0.6044
0.3335
0.5451
0.1364
0.3962
0.4167
0.4495
0.4326
0.6944
0.3393
0.3030
0.5278
0.3156
0.5585
0.5571
0.6122
0.5394
0.2857
0.5418
0.5775
0.3069
0.2667
0.4424
0.6202
0.3529
0.6118
0.4609
0.5122
0.5467
0.4603
0.4248
0.5842
0.5020
0.7451
0.5200
0.3692
0.3729
0.5745
0.5452
0.3441
0.3191
0.5054
0.4715
0.5745
0.3250
0.3836
0.4873
0.5758
0.4368
0.4138
0.3621
0.5000
0.5561
0.5242
0.5128
0.5000
0.6439
0.6209
0.5859
0.4831
0.2381
0.3473
0.5168
0.6531
0.5113
0.4339
0.5192
0.4709
0.4219
0.3989
0.1213
0.4048
0.3570
0.4444
0.5955
0.3609
0.5934
0.4348
0.5000
0.5094
0.6403
0.5109
0.6670
0.3598
0.4662
0.7079
0.4367
0.4298
0.2584
0.7384
0.5045
0.3800
0.2889
0.5948
0.3947
0.2760
0.5455
0.5000
0.2585
0.3829
0.4467
0.4516
0.1667
0.5462
0.4601
0.4121
0.5667
0.3151
0.3279
0.5342
0.4722
0.5815
0.6626
0.6072
0.7015
0.5822
0.5452
0.5933
0.4822
0.3945
0.3068
0.6178
0.5000
0.3710
0.3271
0.6892
0.8093
0.4599
0.4310
0.5108
0.4353
0.7500
0.5903
0.4714
0.5000
0.5776
0.3947
0.5738
0.7465
0.5202
0.2892
0.4718
1.0000
0.4018
0.5060
0.3137
0.3088
0.5753
0.5782
0.5405
0.6667
0.5315
0.4857
0.3667
0.5070
0.3913
0.6071
0.3389
0.4643
0.7722
0.3148
0.5999
0.6322
0.6868
0.4808
0.4414
0.6410
0.5164
0.2685
0.4340
0.2727
0.4959
0.4784
0.4935
0.8016
0.4560
0.5653
0.3118
0.6293
0.6389
0.4257
0.5963
0.5256
0.6092
0.2065
0.7576
0.4308
0.6016
0.5587
0.5516
0.4615
0.6207
0.4727
