77.77777777777779
66.66666666666666
45.45454545454545
86.66666666666667
100.0
100.0
92.0
100.0
90.0
94.11764705882352
94.11764705882352
66.66666666666666
100.0
100.0
82.35294117647058
77.77777777777779
73.33333333333333
78.57142857142857
75.0
71.42857142857143
93.75
96.29629629629628
84.21052631578947
65.21739130434783
80.0
84.0
92.85714285714286
100.0
100.0
100.0
88.88888888888889
76.92307692307693
100.0
100.0
85.71428571428571
80.95238095238095
74.07407407407408
84.0
100.0
90.0
91.66666666666666
66.66666666666666
14.285714285714285
81.81818181818183
87.5
100.0
57.14285714285714
73.33333333333333
76.0
75.0
100.0
83.78378378378379
86.95652173913044
88.88888888888889
62.5
85.71428571428571
85.71428571428571
78.94736842105263
63.63636363636363
64.28571428571429
66.66666666666666
88.0
81.81818181818183
70.0
50.0
100.0
25.0
69.23076923076923
87.5
100.0
75.0
50.0
100.0
75.0
83.33333333333334
100.0
91.30434782608695
86.20689655172413
100.0
62.5
95.23809523809524
80.0
100.0
87.5
80.95238095238095
93.33333333333331
94.73684210526316
87.5
83.33333333333334
88.88888888888889
80.0
72.22222222222221
72.22222222222221
63.63636363636363
70.0
90.9090909090909
76.92307692307693
90.0
86.66666666666667
92.85714285714286
100.0
52.94117647058824
94.44444444444444
66.66666666666666
70.0
87.5
90.0
91.66666666666666
100.0
100.0
85.0
90.0
82.35294117647058
85.71428571428571
90.9090909090909
100.0
100.0
87.5
100.0
80.0
88.23529411764706
100.0
82.35294117647058
88.88888888888889
92.85714285714286
89.28571428571429
64.0
81.25
60.0
100.0
88.88888888888889
80.0
100.0
100.0
71.42857142857143
33.33333333333333
62.5
77.77777777777779
80.0
90.0
80.0
100.0
100.0
84.61538461538461
83.33333333333334
100.0
81.48148148148148
90.32258064516128
90.0
50.0
82.35294117647058
69.23076923076923
96.15384615384616
69.56521739130434
95.23809523809524
60.0
88.88888888888889
89.47368421052632
100.0
100.0
76.92307692307693
66.66666666666666
80.0
80.0
83.33333333333334
75.0
83.33333333333334
90.0
80.0
70.0
76.19047619047619
100.0
87.5
100.0
90.9090909090909
66.66666666666666
37.5
75.0
83.33333333333334
88.09523809523809
77.41935483870968
65.21739130434783
77.77777777777779
69.56521739130434
80.0
80.0
75.0
71.42857142857143
83.33333333333334
69.56521739130434
66.66666666666666
78.26086956521739
97.14285714285714
80.64516129032258
90.47619047619048
83.33333333333334
58.82352941176471
58.333333333333336
82.85714285714286
90.0
70.0
100.0
100.0
90.0
57.692307692307686
73.07692307692307
93.75
100.0
64.28571428571429
81.81818181818183
91.30434782608695
73.68421052631578
95.45454545454544
69.23076923076923
92.85714285714286
87.8048780487805
70.0
100.0
85.71428571428571
94.11764705882352
87.09677419354838
88.88888888888889
100.0
83.33333333333334
58.82352941176471
81.81818181818183
77.27272727272727
92.85714285714286
100.0
71.875
70.0
75.0
84.21052631578947
100.0
66.66666666666666
100.0
91.30434782608695
72.0
72.72727272727273
68.0
70.37037037037037
50.0
68.18181818181817
80.95238095238095
84.375
76.47058823529412
92.5925925925926
81.25
100.0
85.0
20.0
94.73684210526316
92.85714285714286
76.92307692307693
70.0
100.0
100.0
80.0
55.55555555555556
87.5
62.5
75.0
54.54545454545454
90.9090909090909
93.33333333333331
46.15384615384615
100.0
94.11764705882352
78.26086956521739
100.0
66.66666666666666
100.0
42.85714285714285
100.0
88.23529411764706
100.0
100.0
94.11764705882352
100.0
96.96969696969695
80.95238095238095
90.625
88.88888888888889
100.0
86.36363636363636
62.5
100.0
100.0
75.0
100.0
36.36363636363637
45.45454545454545
80.0
80.0
50.0
94.11764705882352
100.0
94.73684210526316
92.3076923076923
86.66666666666667
66.66666666666666
75.67567567567568
75.0
44.44444444444444
61.53846153846154
100.0
90.0
90.9090909090909
78.57142857142857
95.23809523809524
93.75
58.82352941176471
64.70588235294117
83.33333333333334
56.25
92.85714285714286
100.0
89.1891891891892
88.46153846153845
90.9090909090909
73.07692307692307
36.36363636363637
84.61538461538461
81.08108108108108
88.46153846153845
90.9090909090909
90.9090909090909
100.0
71.42857142857143
62.5
100.0
82.35294117647058
100.0
100.0
100.0
80.95238095238095
82.35294117647058
54.54545454545454
73.07692307692307
72.97297297297297
84.61538461538461
64.70588235294117
83.33333333333334
68.75
100.0
100.0
85.71428571428571
90.47619047619048
72.0
100.0
90.32258064516128
95.45454545454544
71.42857142857143
100.0
85.71428571428571
100.0
91.66666666666666
92.85714285714286
85.71428571428571
100.0
89.47368421052632
78.57142857142857
100.0
91.66666666666666
95.23809523809524
80.0
70.0
88.88888888888889
80.0
86.66666666666667
87.5
85.71428571428571
93.33333333333331
100.0
75.0
78.57142857142857
100.0
66.66666666666666
85.71428571428571
100.0
95.83333333333334
96.96969696969695
100.0
50.0
53.333333333333336
100.0
100.0
94.11764705882352
81.25
57.14285714285714
89.28571428571429
84.0
82.35294117647058
100.0
78.57142857142857
53.84615384615385
85.71428571428571
37.5
83.33333333333334
88.88888888888889
80.0
88.88888888888889
100.0
100.0
86.66666666666667
100.0
92.85714285714286
94.44444444444444
83.33333333333334
83.33333333333334
89.47368421052632
86.95652173913044
54.54545454545454
100.0
81.81818181818183
91.66666666666666
93.33333333333331
81.25
100.0
89.47368421052632
100.0
100.0
87.5
100.0
100.0
75.0
100.0
71.42857142857143
61.53846153846154
81.25
88.88888888888889
90.0
100.0
73.68421052631578
85.71428571428571
82.14285714285714
90.0
100.0
80.0
100.0
100.0
81.81818181818183
93.33333333333331
90.0
75.0
61.53846153846154
89.47368421052632
86.66666666666667
100.0
91.8918918918919
77.77777777777779
61.53846153846154
90.0
78.26086956521739
40.0
100.0
75.0
90.47619047619048
96.15384615384616
100.0
61.53846153846154
76.47058823529412
50.0
80.0
83.87096774193549
81.48148148148148
100.0
92.3076923076923
88.88888888888889
100.0
42.85714285714285
50.0
76.19047619047619
100.0
76.92307692307693
100.0
87.5
94.11764705882352
64.28571428571429
66.66666666666666
95.23809523809524
100.0
71.42857142857143
80.0
85.71428571428571
66.66666666666666
100.0
84.61538461538461
80.0
46.66666666666666
68.75
60.0
100.0
80.0
82.35294117647058
84.21052631578947
28.57142857142857
66.66666666666666
100.0
90.9090909090909
91.66666666666666
94.44444444444444
100.0
50.0
92.3076923076923
100.0
100.0
77.77777777777779
81.81818181818183
64.70588235294117
100.0
73.68421052631578
100.0
100.0
100.0
100.0
92.3076923076923
83.33333333333334
85.0
100.0
100.0
60.0
95.0
72.72727272727273
96.66666666666669
100.0
50.0
74.07407407407408
87.5
76.92307692307693
66.66666666666666
85.71428571428571
78.57142857142857
90.9090909090909
100.0
92.85714285714286
93.33333333333331
100.0
100.0
82.35294117647058
86.95652173913044
66.66666666666666
93.5483870967742
87.5
81.25
90.0
100.0
91.66666666666666
86.66666666666667
91.66666666666666
92.3076923076923
71.42857142857143
70.58823529411765
84.84848484848484
100.0
64.28571428571429
82.35294117647058
87.87878787878788
100.0
92.3076923076923
100.0
55.55555555555556
73.52941176470588
88.88888888888889
90.0
89.28571428571429
53.84615384615385
88.23529411764706
12.5
66.66666666666666
78.57142857142857
81.25
80.95238095238095
71.42857142857143
100.0
36.36363636363637
100.0
80.0
62.5
93.33333333333331
96.7741935483871
95.23809523809524
84.61538461538461
80.0
88.88888888888889
100.0
73.33333333333333
60.0
100.0
88.88888888888889
66.66666666666666
66.66666666666666
70.58823529411765
90.47619047619048
75.0
66.66666666666666
100.0
100.0
87.5
53.57142857142857
57.14285714285714
85.71428571428571
68.75
92.3076923076923
86.66666666666667
100.0
88.23529411764706
50.0
78.94736842105263
100.0
80.0
100.0
90.9090909090909
100.0
86.48648648648648
100.0
100.0
81.81818181818183
100.0
78.57142857142857
76.0
81.25
90.0
76.0
83.33333333333334
76.19047619047619
71.42857142857143
83.33333333333334
71.42857142857143
73.33333333333333
58.333333333333336
92.85714285714286
30.0
89.65517241379311
62.5
75.0
28.57142857142857
55.55555555555556
100.0
91.66666666666666
100.0
77.77777777777779
63.63636363636363
100.0
75.0
37.5
100.0
53.333333333333336
81.48148148148148
75.0
58.333333333333336
100.0
92.3076923076923
64.0
71.42857142857143
70.0
100.0
86.66666666666667
88.88888888888889
100.0
100.0
75.0
83.33333333333334
100.0
84.61538461538461
80.0
90.0
87.5
89.47368421052632
73.91304347826086
50.0
100.0
81.81818181818183
80.0
95.23809523809524
77.77777777777779
73.33333333333333
62.5
72.0
85.71428571428571
82.35294117647058
82.35294117647058
100.0
100.0
100.0
58.82352941176471
88.88888888888889
80.0
55.55555555555556
66.66666666666666
45.45454545454545
100.0
81.81818181818183
100.0
88.0
100.0
80.0
94.11764705882352
81.48148148148148
100.0
100.0
83.33333333333334
94.11764705882352
92.85714285714286
94.11764705882352
80.0
60.0
90.9090909090909
50.0
80.0
100.0
33.33333333333333
66.66666666666666
63.63636363636363
100.0
91.66666666666666
90.47619047619048
100.0
75.0
80.0
100.0
63.1578947368421
69.56521739130434
63.63636363636363
100.0
91.66666666666666
87.5
66.66666666666666
100.0
87.5
100.0
85.71428571428571
100.0
100.0
81.81818181818183
87.5
50.0
89.47368421052632
83.33333333333334
87.5
84.21052631578947
100.0
78.94736842105263
93.75
93.75
60.0
87.5
88.46153846153845
87.5
82.35294117647058
72.41379310344827
100.0
100.0
71.42857142857143
87.5
87.5
94.11764705882352
100.0
16.666666666666664
66.66666666666666
40.0
68.42105263157895
20.0
81.81818181818183
69.23076923076923
75.0
100.0
100.0
100.0
86.66666666666667
60.0
73.33333333333333
64.28571428571429
92.3076923076923
71.42857142857143
88.88888888888889
81.81818181818183
87.5
86.66666666666667
89.47368421052632
88.0
100.0
84.61538461538461
92.85714285714286
75.0
95.83333333333334
90.0
100.0
100.0
100.0
84.61538461538461
90.47619047619048
100.0
100.0
100.0
94.73684210526316
91.66666666666666
100.0
80.0
92.3076923076923
90.0
83.33333333333334
100.0
100.0
85.71428571428571
100.0
66.66666666666666
90.47619047619048
80.0
25.0
61.53846153846154
100.0
93.75
72.0
73.33333333333333
71.42857142857143
83.33333333333334
62.5
54.54545454545454
80.0
50.0
37.5
93.33333333333331
81.25
88.88888888888889
71.42857142857143
71.42857142857143
77.77777777777779
83.33333333333334
100.0
58.333333333333336
73.33333333333333
80.0
72.72727272727273
93.75
81.81818181818183
78.26086956521739
46.66666666666666
90.0
71.42857142857143
61.53846153846154
62.5
90.0
80.0
93.33333333333331
92.85714285714286
61.11111111111112
100.0
100.0
100.0
100.0
100.0
72.22222222222221
57.89473684210527
84.61538461538461
100.0
93.33333333333331
95.83333333333334
100.0
88.88888888888889
83.78378378378379
88.88888888888889
94.73684210526316
95.83333333333334
80.0
94.11764705882352
100.0
96.42857142857144
87.5
60.0
100.0
84.21052631578947
100.0
100.0
94.73684210526316
100.0
78.94736842105263
90.0
88.23529411764706
84.61538461538461
16.666666666666664
100.0
77.77777777777779
76.66666666666667
79.16666666666666
62.5
83.33333333333334
57.14285714285714
90.0
80.0
80.0
87.5
94.44444444444444
88.0
68.42105263157895
70.0
61.53846153846154
75.0
66.66666666666666
100.0
82.35294117647058
77.27272727272727
100.0
76.47058823529412
100.0
100.0
85.0
100.0
71.42857142857143
50.0
100.0
90.9090909090909
100.0
100.0
92.3076923076923
95.45454545454544
85.0
60.0
80.0
61.53846153846154
88.88888888888889
100.0
46.15384615384615
90.0
75.0
75.0
84.61538461538461
70.83333333333334
85.71428571428571
71.42857142857143
90.9090909090909
100.0
80.95238095238095
87.8048780487805
88.88888888888889
87.5
100.0
100.0
88.88888888888889
100.0
57.14285714285714
50.0
70.96774193548387
54.54545454545454
78.125
100.0
100.0
87.5
14.285714285714285
61.53846153846154
76.0
63.63636363636363
57.14285714285714
12.5
86.66666666666667
81.25
88.23529411764706
80.95238095238095
85.71428571428571
100.0
100.0
100.0
88.88888888888889
73.33333333333333
69.23076923076923
100.0
93.5483870967742
100.0
62.5
70.0
45.45454545454545
71.42857142857143
100.0
95.45454545454544
100.0
100.0
86.66666666666667
81.81818181818183
90.0
89.47368421052632
91.66666666666666
90.0
100.0
82.35294117647058
25.0
73.68421052631578
100.0
100.0
76.92307692307693
70.58823529411765
100.0
84.61538461538461
90.9090909090909
100.0
68.42105263157895
100.0
78.57142857142857
87.5
100.0
89.47368421052632
69.56521739130434
80.0
88.0
78.57142857142857
80.0
89.47368421052632
73.68421052631578
87.5
83.33333333333334
52.63157894736842
83.33333333333334
62.5
45.45454545454545
100.0
100.0
63.63636363636363
75.0
85.71428571428571
85.71428571428571
100.0
72.72727272727273
84.0
89.28571428571429
100.0
90.9090909090909
87.5
96.0
84.21052631578947
100.0
28.57142857142857
100.0
75.0
75.0
87.5
85.0
100.0
84.21052631578947
100.0
68.75
86.66666666666667
75.0
76.19047619047619
85.0
100.0
37.5
100.0
86.36363636363636
57.14285714285714
100.0
71.42857142857143
90.9090909090909
76.19047619047619
70.83333333333334
40.0
100.0
70.0
81.81818181818183
65.38461538461539
75.0
85.18518518518519
72.22222222222221
58.82352941176471
100.0
92.85714285714286
86.66666666666667
55.55555555555556
61.11111111111112
75.0
55.55555555555556
77.77777777777779
75.0
90.0
72.72727272727273
66.66666666666666
72.22222222222221
72.72727272727273
75.86206896551724
84.61538461538461
50.0
78.57142857142857
85.71428571428571
63.1578947368421
75.0
100.0
87.5
88.88888888888889
93.33333333333331
60.0
100.0
100.0
88.23529411764706
100.0
72.72727272727273
90.0
100.0
100.0
68.42105263157895
100.0
81.81818181818183
100.0
88.88888888888889
100.0
100.0
80.0
71.42857142857143
78.57142857142857
72.72727272727273
62.5
81.81818181818183
80.0
73.33333333333333
47.82608695652174
100.0
41.66666666666667
71.42857142857143
83.33333333333334
100.0
64.28571428571429
100.0
80.0
66.66666666666666
83.33333333333334
78.57142857142857
66.66666666666666
94.73684210526316
78.37837837837837
87.5
88.88888888888889
87.5
100.0
80.0
85.0
100.0
78.57142857142857
85.71428571428571
100.0
80.0
100.0
95.45454545454544
83.33333333333334
40.0
90.0
72.22222222222221
62.5
55.55555555555556
71.42857142857143
100.0
85.71428571428571
80.0
100.0
70.0
42.85714285714285
94.73684210526316
65.21739130434783
68.18181818181817
76.92307692307693
100.0
96.7741935483871
66.66666666666666
100.0
63.63636363636363
83.33333333333334
81.81818181818183
78.125
83.33333333333334
68.75
80.0
90.9090909090909
66.66666666666666
83.33333333333334
78.57142857142857
80.0
78.57142857142857
89.47368421052632
90.0
77.77777777777779
100.0
50.0
79.3103448275862
90.0
100.0
100.0
100.0
83.33333333333334
50.0
71.42857142857143
100.0
72.72727272727273
86.66666666666667
100.0
88.88888888888889
100.0
83.33333333333334
100.0
70.0
93.75
100.0
78.94736842105263
88.23529411764706
100.0
100.0
84.61538461538461
60.0
100.0
77.77777777777779
75.0
100.0
100.0
100.0
90.9090909090909
85.29411764705883
75.0
100.0
100.0
90.9090909090909
91.66666666666666
28.57142857142857
65.38461538461539
68.0
100.0
92.3076923076923
71.42857142857143
78.125
88.88888888888889
50.0
28.57142857142857
25.0
93.5483870967742
63.63636363636363
90.0
100.0
56.25
80.0
50.0
38.46153846153847
100.0
64.70588235294117
82.6086956521739
83.33333333333334
100.0
45.45454545454545
54.54545454545454
80.0
90.47619047619048
77.77777777777779
84.61538461538461
86.36363636363636
76.47058823529412
100.0
94.44444444444444
78.57142857142857
83.33333333333334
80.0
100.0
75.0
54.54545454545454
65.51724137931035
85.0
71.42857142857143
88.88888888888889
81.25
69.23076923076923
55.00000000000001
60.0
100.0
80.0
78.57142857142857
69.23076923076923
100.0
100.0
94.44444444444444
100.0
100.0
94.11764705882352
80.95238095238095
84.21052631578947
100.0
80.0
100.0
66.66666666666666
75.0
80.0
100.0
75.0
88.88888888888889
100.0
90.47619047619048
65.21739130434783
64.28571428571429
71.42857142857143
95.23809523809524
75.0
76.92307692307693
100.0
76.92307692307693
61.53846153846154
61.90476190476191
76.47058823529412
55.55555555555556
94.44444444444444
76.92307692307693
100.0
85.71428571428571
92.3076923076923
61.11111111111112
72.72727272727273
100.0
61.53846153846154
81.81818181818183
83.33333333333334
70.0
84.21052631578947
87.5
73.68421052631578
94.73684210526316
73.68421052631578
100.0
66.66666666666666
95.45454545454544
85.71428571428571
85.71428571428571
79.16666666666666
100.0
100.0
94.44444444444444
90.0
80.0
100.0
100.0
75.0
86.66666666666667
87.5
100.0
82.35294117647058
100.0
95.45454545454544
92.85714285714286
85.71428571428571
80.76923076923077
90.9090909090909
37.5
75.0
100.0
72.0
100.0
71.42857142857143
87.5
94.11764705882352
43.75
53.333333333333336
100.0
100.0
57.14285714285714
100.0
85.71428571428571
73.33333333333333
80.0
80.0
100.0
100.0
70.0
100.0
92.0
84.61538461538461
86.66666666666667
100.0
90.9090909090909
91.66666666666666
75.0
100.0
100.0
100.0
92.85714285714286
82.35294117647058
71.42857142857143
80.95238095238095
88.0
95.45454545454544
95.83333333333334
78.94736842105263
93.33333333333331
88.23529411764706
100.0
80.0
72.72727272727273
62.5
77.77777777777779
100.0
60.0
88.0
93.75
69.23076923076923
73.33333333333333
37.5
60.0
88.88888888888889
83.33333333333334
90.47619047619048
85.0
50.0
100.0
100.0
100.0
75.0
100.0
54.16666666666666
58.333333333333336
71.42857142857143
76.19047619047619
71.875
94.73684210526316
91.66666666666666
95.45454545454544
90.9090909090909
85.71428571428571
75.0
80.0
64.28571428571429
100.0
57.14285714285714
100.0
100.0
71.875
71.42857142857143
75.0
64.28571428571429
45.83333333333333
66.66666666666666
85.0
72.22222222222221
40.0
70.83333333333334
85.71428571428571
72.72727272727273
57.14285714285714
100.0
85.71428571428571
90.9090909090909
94.73684210526316
100.0
81.25
78.57142857142857
66.66666666666666
91.66666666666666
75.0
90.0
90.9090909090909
90.0
81.48148148148148
88.88888888888889
64.70588235294117
100.0
71.42857142857143
86.66666666666667
72.22222222222221
66.66666666666666
75.0
77.77777777777779
94.44444444444444
75.0
90.9090909090909
90.0
100.0
100.0
71.42857142857143
100.0
82.14285714285714
40.0
76.92307692307693
70.0
47.05882352941176
100.0
89.1891891891892
74.07407407407408
100.0
94.73684210526316
93.33333333333331
100.0
100.0
100.0
78.57142857142857
89.47368421052632
88.23529411764706
66.66666666666666
88.23529411764706
50.0
100.0
90.47619047619048
41.66666666666667
35.714285714285715
84.61538461538461
73.33333333333333
57.14285714285714
54.54545454545454
86.36363636363636
83.33333333333334
91.66666666666666
85.71428571428571
100.0
95.23809523809524
88.88888888888889
80.0
84.61538461538461
57.14285714285714
82.35294117647058
83.33333333333334
100.0
100.0
70.0
90.0
80.0
73.91304347826086
66.66666666666666
56.52173913043478
85.71428571428571
77.41935483870968
92.85714285714286
83.33333333333334
67.64705882352942
58.333333333333336
100.0
93.33333333333331
75.0
77.77777777777779
68.75
84.61538461538461
66.66666666666666
85.71428571428571
64.28571428571429
100.0
100.0
100.0
38.46153846153847
81.81818181818183
95.0
60.0
95.0
53.84615384615385
100.0
70.83333333333334
100.0
73.68421052631578
81.25
70.0
93.75
86.36363636363636
90.9090909090909
88.23529411764706
87.5
100.0
75.0
88.88888888888889
92.85714285714286
87.5
77.77777777777779
58.333333333333336
60.0
43.75
100.0
100.0
100.0
82.6086956521739
82.35294117647058
90.0
100.0
100.0
71.42857142857143
70.96774193548387
87.5
75.0
75.0
88.0
88.88888888888889
94.44444444444444
100.0
100.0
87.5
77.77777777777779
35.0
90.47619047619048
80.0
100.0
62.06896551724138
90.9090909090909
75.0
61.53846153846154
75.0
55.55555555555556
84.61538461538461
77.27272727272727
76.47058823529412
100.0
100.0
77.77777777777779
100.0
93.33333333333331
85.71428571428571
80.0
85.71428571428571
92.85714285714286
62.5
92.85714285714286
78.57142857142857
62.5
100.0
100.0
77.27272727272727
61.53846153846154
77.77777777777779
87.5
100.0
77.27272727272727
86.66666666666667
84.61538461538461
62.5
71.42857142857143
90.0
68.75
81.81818181818183
95.83333333333334
100.0
78.57142857142857
100.0
90.9090909090909
88.0
75.0
90.0
100.0
69.23076923076923
100.0
84.61538461538461
85.71428571428571
84.61538461538461
95.23809523809524
100.0
77.77777777777779
100.0
90.9090909090909
69.23076923076923
69.23076923076923
81.81818181818183
94.44444444444444
77.77777777777779
80.76923076923077
71.42857142857143
82.35294117647058
83.33333333333334
80.95238095238095
73.91304347826086
64.28571428571429
90.47619047619048
61.11111111111112
100.0
90.9090909090909
61.53846153846154
61.53846153846154
86.36363636363636
83.33333333333334
55.55555555555556
65.38461538461539
100.0
82.35294117647058
85.71428571428571
50.0
61.53846153846154
100.0
92.3076923076923
100.0
90.47619047619048
84.61538461538461
95.23809523809524
91.30434782608695
78.57142857142857
80.95238095238095
100.0
94.11764705882352
76.92307692307693
100.0
90.9090909090909
78.94736842105263
84.61538461538461
94.73684210526316
89.47368421052632
94.44444444444444
100.0
100.0
88.23529411764706
75.0
91.30434782608695
80.0
70.0
83.33333333333334
84.21052631578947
74.07407407407408
50.0
100.0
80.0
66.66666666666666
84.61538461538461
100.0
83.33333333333334
84.84848484848484
100.0
52.0
95.45454545454544
100.0
100.0
77.77777777777779
86.66666666666667
94.73684210526316
78.94736842105263
64.70588235294117
88.23529411764706
61.53846153846154
53.84615384615385
73.33333333333333
76.47058823529412
94.73684210526316
83.33333333333334
53.84615384615385
100.0
84.61538461538461
76.47058823529412
100.0
100.0
88.0
62.5
86.66666666666667
64.70588235294117
92.85714285714286
86.66666666666667
71.42857142857143
90.47619047619048
100.0
72.72727272727273
100.0
73.91304347826086
62.5
86.48648648648648
88.88888888888889
100.0
71.42857142857143
76.0
89.47368421052632
85.18518518518519
100.0
71.42857142857143
94.44444444444444
90.9090909090909
87.5
92.3076923076923
33.33333333333333
85.18518518518519
100.0
100.0
100.0
80.0
75.0
87.5
86.20689655172413
100.0
93.33333333333331
83.33333333333334
100.0
81.81818181818183
80.0
100.0
66.66666666666666
94.11764705882352
80.0
88.0
88.88888888888889
93.10344827586206
92.0
66.66666666666666
100.0
100.0
88.0
100.0
66.66666666666666
75.0
100.0
92.3076923076923
100.0
91.30434782608695
90.0
66.66666666666666
65.38461538461539
82.6086956521739
100.0
76.92307692307693
100.0
37.5
82.35294117647058
83.33333333333334
100.0
66.66666666666666
100.0
93.10344827586206
77.77777777777779
85.0
100.0
96.0
90.0
77.77777777777779
100.0
95.0
100.0
100.0
88.88888888888889
100.0
100.0
77.77777777777779
100.0
80.0
72.22222222222221
94.44444444444444
78.57142857142857
100.0
100.0
100.0
89.47368421052632
92.3076923076923
90.47619047619048
88.88888888888889
41.17647058823529
84.61538461538461
91.66666666666666
70.0
83.33333333333334
88.88888888888889
80.0
90.0
92.3076923076923
75.0
100.0
94.73684210526316
85.71428571428571
67.85714285714286
70.0
80.0
61.53846153846154
50.0
73.33333333333333
60.0
76.47058823529412
100.0
87.5
100.0
100.0
78.57142857142857
100.0
83.33333333333334
58.333333333333336
73.33333333333333
60.0
82.6086956521739
86.36363636363636
100.0
100.0
71.42857142857143
100.0
100.0
92.85714285714286
87.5
53.333333333333336
55.55555555555556
80.0
77.77777777777779
95.65217391304348
72.72727272727273
90.0
90.32258064516128
75.0
80.95238095238095
80.76923076923077
77.27272727272727
88.46153846153845
88.23529411764706
88.88888888888889
100.0
77.41935483870968
87.87878787878788
92.3076923076923
100.0
92.85714285714286
100.0
64.70588235294117
94.11764705882352
83.33333333333334
100.0
93.5483870967742
83.33333333333334
100.0
63.63636363636363
100.0
66.66666666666666
81.81818181818183
84.375
88.88888888888889
61.53846153846154
95.45454545454544
78.26086956521739
100.0
42.85714285714285
100.0
87.5
100.0
100.0
100.0
64.70588235294117
100.0
90.9090909090909
81.48148148148148
81.81818181818183
50.0
40.0
73.68421052631578
84.0
77.77777777777779
76.92307692307693
95.0
90.9090909090909
71.42857142857143
78.57142857142857
86.36363636363636
82.35294117647058
60.0
88.88888888888889
66.66666666666666
93.75
100.0
100.0
92.85714285714286
89.47368421052632
78.57142857142857
100.0
100.0
94.11764705882352
71.42857142857143
84.61538461538461
80.0
100.0
100.0
78.57142857142857
58.333333333333336
100.0
100.0
100.0
100.0
62.5
90.0
94.73684210526316
50.0
89.65517241379311
100.0
85.71428571428571
85.18518518518519
94.11764705882352
75.0
95.45454545454544
90.0
100.0
66.66666666666666
88.88888888888889
100.0
100.0
84.61538461538461
75.0
63.63636363636363
100.0
66.66666666666666
50.0
82.35294117647058
100.0
92.85714285714286
100.0
100.0
61.53846153846154
100.0
86.66666666666667
72.72727272727273
75.0
82.35294117647058
40.0
100.0
91.66666666666666
88.88888888888889
100.0
37.5
77.77777777777779
90.0
80.0
54.54545454545454
33.33333333333333
100.0
75.0
77.27272727272727
76.92307692307693
88.88888888888889
100.0
100.0
80.0
100.0
100.0
76.92307692307693
84.61538461538461
75.0
80.0
92.85714285714286
100.0
100.0
100.0
81.25
87.5
84.61538461538461
63.63636363636363
75.0
53.333333333333336
93.5483870967742
84.61538461538461
72.0
36.36363636363637
100.0
77.77777777777779
84.21052631578947
75.0
100.0
75.0
90.0
70.0
66.66666666666666
90.47619047619048
100.0
66.66666666666666
48.0
82.35294117647058
91.66666666666666
100.0
100.0
86.66666666666667
76.92307692307693
88.23529411764706
82.35294117647058
100.0
90.0
53.84615384615385
84.21052631578947
83.33333333333334
76.47058823529412
100.0
78.94736842105263
100.0
96.15384615384616
100.0
77.77777777777779
66.66666666666666
100.0
94.73684210526316
85.71428571428571
92.3076923076923
72.72727272727273
66.66666666666666
100.0
100.0
78.26086956521739
94.73684210526316
54.54545454545454
100.0
100.0
100.0
75.0
66.66666666666666
100.0
100.0
75.0
82.35294117647058
57.14285714285714
82.35294117647058
100.0
100.0
70.0
100.0
90.9090909090909
75.0
90.0
100.0
86.66666666666667
100.0
85.71428571428571
100.0
85.0
100.0
84.21052631578947
75.0
28.57142857142857
100.0
12.5
83.33333333333334
62.5
75.0
93.33333333333331
83.33333333333334
66.66666666666666
85.0
100.0
83.33333333333334
77.77777777777779
85.0
75.0
96.55172413793105
100.0
83.33333333333334
100.0
100.0
69.23076923076923
76.92307692307693
37.5
100.0
100.0
80.0
94.11764705882352
58.333333333333336
100.0
50.0
78.26086956521739
84.61538461538461
100.0
100.0
100.0
100.0
94.11764705882352
100.0
100.0
78.94736842105263
100.0
78.57142857142857
71.42857142857143
66.66666666666666
100.0
100.0
100.0
100.0
90.9090909090909
81.25
87.5
73.07692307692307
72.22222222222221
100.0
66.66666666666666
58.333333333333336
85.71428571428571
80.0
83.33333333333334
23.07692307692308
69.23076923076923
58.333333333333336
86.66666666666667
42.85714285714285
28.57142857142857
82.35294117647058
91.66666666666666
76.66666666666667
88.88888888888889
80.76923076923077
82.92682926829268
100.0
84.21052631578947
77.77777777777779
80.0
95.83333333333334
100.0
93.33333333333331
92.85714285714286
76.92307692307693
100.0
95.45454545454544
94.44444444444444
86.36363636363636
100.0
82.6086956521739
83.33333333333334
95.23809523809524
82.14285714285714
88.88888888888889
100.0
83.33333333333334
88.23529411764706
81.48148148148148
100.0
84.61538461538461
93.33333333333331
81.81818181818183
87.5
90.0
100.0
77.77777777777779
100.0
100.0
90.0
100.0
85.71428571428571
100.0
88.88888888888889
100.0
50.0
82.75862068965517
86.36363636363636
100.0
69.23076923076923
63.63636363636363
91.66666666666666
75.0
100.0
81.81818181818183
100.0
88.88888888888889
69.23076923076923
100.0
93.5483870967742
71.42857142857143
93.33333333333331
100.0
100.0
82.6086956521739
91.66666666666666
100.0
80.0
37.5
86.66666666666667
100.0
66.66666666666666
76.47058823529412
80.95238095238095
86.36363636363636
20.0
75.0
100.0
81.25
96.29629629629628
88.23529411764706
84.375
84.21052631578947
50.0
60.0
81.81818181818183
92.0
91.30434782608695
100.0
66.66666666666666
95.83333333333334
80.0
82.6086956521739
100.0
78.26086956521739
80.0
76.19047619047619
82.6086956521739
90.0
57.89473684210527
50.0
100.0
68.42105263157895
57.14285714285714
76.47058823529412
100.0
100.0
100.0
87.5
100.0
84.21052631578947
57.14285714285714
70.58823529411765
100.0
81.48148148148148
96.29629629629628
94.44444444444444
40.0
85.0
76.92307692307693
53.125
86.11111111111111
100.0
100.0
44.44444444444444
100.0
63.63636363636363
100.0
86.11111111111111
85.71428571428571
66.66666666666666
50.0
100.0
100.0
72.72727272727273
68.96551724137932
100.0
85.71428571428571
76.47058823529412
78.57142857142857
100.0
46.42857142857143
66.66666666666666
100.0
71.42857142857143
90.0
76.19047619047619
71.42857142857143
62.5
88.23529411764706
84.61538461538461
80.0
77.77777777777779
100.0
100.0
84.61538461538461
64.28571428571429
85.71428571428571
97.14285714285714
78.94736842105263
77.77777777777779
84.375
85.71428571428571
50.0
84.375
100.0
84.61538461538461
80.0
100.0
88.88888888888889
91.30434782608695
50.0
60.0
83.33333333333334
69.56521739130434
88.23529411764706
86.66666666666667
91.30434782608695
100.0
90.0
100.0
88.23529411764706
100.0
81.81818181818183
88.88888888888889
33.33333333333333
100.0
64.0
88.23529411764706
90.0
100.0
100.0
90.0
91.66666666666666
94.11764705882352
84.21052631578947
76.92307692307693
88.88888888888889
100.0
80.0
93.33333333333331
100.0
55.55555555555556
94.44444444444444
92.5925925925926
68.18181818181817
100.0
73.33333333333333
75.0
89.47368421052632
53.84615384615385
55.55555555555556
80.0
83.33333333333334
100.0
81.25
100.0
73.07692307692307
92.3076923076923
83.33333333333334
71.42857142857143
100.0
66.66666666666666
62.5
100.0
95.23809523809524
60.0
100.0
72.72727272727273
100.0
87.5
85.71428571428571
85.71428571428571
100.0
74.07407407407408
58.82352941176471
100.0
80.0
94.11764705882352
70.58823529411765
83.33333333333334
100.0
76.0
100.0
97.43589743589745
100.0
100.0
71.42857142857143
61.11111111111112
66.66666666666666
75.0
50.0
82.35294117647058
91.66666666666666
92.85714285714286
90.0
79.16666666666666
45.45454545454545
54.54545454545454
88.23529411764706
54.16666666666666
90.0
71.42857142857143
83.33333333333334
66.66666666666666
41.17647058823529
42.85714285714285
100.0
76.92307692307693
57.14285714285714
72.22222222222221
66.66666666666666
75.0
100.0
75.0
68.96551724137932
70.58823529411765
94.5945945945946
82.14285714285714
96.55172413793105
95.65217391304348
100.0
82.75862068965517
77.77777777777779
100.0
100.0
92.5925925925926
94.73684210526316
72.22222222222221
100.0
85.0
86.95652173913044
43.75
78.94736842105263
56.00000000000001
73.33333333333333
94.73684210526316
94.73684210526316
85.18518518518519
100.0
91.30434782608695
64.70588235294117
81.81818181818183
78.57142857142857
87.87878787878788
72.22222222222221
90.9090909090909
76.92307692307693
77.77777777777779
73.33333333333333
77.77777777777779
100.0
82.35294117647058
90.9090909090909
87.5
96.15384615384616
87.5
60.0
100.0
100.0
81.25
92.3076923076923
80.0
95.83333333333334
94.11764705882352
66.66666666666666
78.94736842105263
80.0
81.81818181818183
100.0
100.0
100.0
75.0
100.0
75.0
66.66666666666666
91.66666666666666
78.94736842105263
94.11764705882352
100.0
86.66666666666667
85.71428571428571
100.0
100.0
100.0
61.53846153846154
72.72727272727273
72.72727272727273
81.81818181818183
50.0
100.0
70.0
100.0
100.0
40.0
57.89473684210527
80.0
72.22222222222221
84.61538461538461
75.0
66.66666666666666
87.5
100.0
83.33333333333334
100.0
100.0
100.0
77.27272727272727
85.18518518518519
70.0
100.0
64.28571428571429
78.57142857142857
72.72727272727273
76.47058823529412
70.58823529411765
100.0
100.0
100.0
100.0
81.48148148148148
100.0
96.42857142857144
95.23809523809524
92.6829268292683
82.6086956521739
100.0
88.88888888888889
66.66666666666666
91.66666666666666
90.9090909090909
91.66666666666666
100.0
95.45454545454544
75.0
76.92307692307693
100.0
94.11764705882352
100.0
100.0
85.71428571428571
91.66666666666666
100.0
100.0
93.33333333333331
79.16666666666666
46.66666666666666
88.23529411764706
80.0
90.9090909090909
82.6086956521739
85.71428571428571
100.0
100.0
100.0
85.71428571428571
100.0
73.33333333333333
77.77777777777779
63.63636363636363
100.0
82.14285714285714
75.0
85.71428571428571
100.0
100.0
89.47368421052632
100.0
85.71428571428571
90.9090909090909
93.75
90.0
87.5
81.81818181818183
76.47058823529412
100.0
100.0
90.9090909090909
100.0
84.61538461538461
100.0
100.0
89.47368421052632
94.73684210526316
86.66666666666667
100.0
100.0
93.10344827586206
100.0
77.77777777777779
100.0
91.66666666666666
70.58823529411765
100.0
88.88888888888889
85.71428571428571
100.0
87.5
90.0
47.82608695652174
89.28571428571429
100.0
83.33333333333334
88.23529411764706
94.44444444444444
46.15384615384615
54.54545454545454
100.0
87.5
69.23076923076923
100.0
77.77777777777779
84.61538461538461
59.09090909090909
75.0
100.0
44.44444444444444
36.36363636363637
66.66666666666666
90.0
80.0
66.66666666666666
45.83333333333333
87.5
38.88888888888889
66.66666666666666
100.0
80.0
94.11764705882352
100.0
61.53846153846154
72.72727272727273
93.5483870967742
37.5
42.85714285714285
28.57142857142857
100.0
100.0
96.55172413793105
100.0
88.88888888888889
87.5
42.85714285714285
84.61538461538461
100.0
84.0
78.125
81.81818181818183
86.66666666666667
66.66666666666666
92.85714285714286
80.0
75.0
90.0
73.07692307692307
69.23076923076923
88.46153846153845
87.09677419354838
60.0
64.28571428571429
63.63636363636363
87.17948717948718
87.5
45.45454545454545
56.00000000000001
80.95238095238095
78.78787878787878
54.54545454545454
79.41176470588235
77.77777777777779
70.0
70.58823529411765
85.71428571428571
85.71428571428571
85.18518518518519
81.25
68.75
95.23809523809524
100.0
68.75
72.72727272727273
100.0
91.66666666666666
88.0
80.0
83.33333333333334
100.0
100.0
100.0
93.33333333333331
70.0
56.00000000000001
92.3076923076923
70.83333333333334
50.0
91.66666666666666
85.71428571428571
92.5925925925926
86.66666666666667
100.0
100.0
100.0
88.88888888888889
75.0
66.66666666666666
60.0
84.61538461538461
92.3076923076923
80.0
100.0
81.25
75.0
80.0
85.71428571428571
85.71428571428571
100.0
100.0
81.81818181818183
100.0
78.94736842105263
65.21739130434783
56.25
80.0
66.66666666666666
85.71428571428571
90.0
80.0
72.72727272727273
93.75
75.0
70.0
62.5
89.28571428571429
90.9090909090909
100.0
90.0
68.42105263157895
85.71428571428571
94.11764705882352
86.36363636363636
92.0
75.0
87.5
89.47368421052632
88.88888888888889
84.61538461538461
95.45454545454544
77.77777777777779
100.0
78.57142857142857
81.81818181818183
76.47058823529412
100.0
76.92307692307693
88.88888888888889
80.0
89.47368421052632
80.0
76.0
94.73684210526316
81.25
82.6086956521739
85.0
70.0
88.88888888888889
94.73684210526316
100.0
100.0
72.72727272727273
100.0
100.0
100.0
85.71428571428571
100.0
77.27272727272727
60.0
100.0
45.45454545454545
62.5
83.33333333333334
89.28571428571429
88.88888888888889
93.93939393939394
100.0
88.0
73.68421052631578
82.6086956521739
85.0
95.45454545454544
75.0
93.33333333333331
80.0
100.0
86.66666666666667
100.0
50.0
100.0
69.23076923076923
100.0
44.44444444444444
60.0
100.0
100.0
78.94736842105263
100.0
82.35294117647058
95.83333333333334
60.0
77.77777777777779
92.3076923076923
82.6086956521739
82.92682926829268
100.0
82.14285714285714
84.21052631578947
85.18518518518519
100.0
100.0
84.61538461538461
100.0
100.0
90.9090909090909
88.88888888888889
100.0
95.45454545454544
85.71428571428571
93.33333333333331
87.5
100.0
100.0
77.77777777777779
85.0
72.22222222222221
87.5
85.71428571428571
100.0
88.23529411764706
100.0
88.88888888888889
80.0
84.21052631578947
83.33333333333334
85.0
58.333333333333336
76.19047619047619
80.0
100.0
62.5
90.56603773584906
94.44444444444444
60.0
93.33333333333331
81.25
88.88888888888889
94.11764705882352
57.14285714285714
88.23529411764706
85.71428571428571
92.85714285714286
88.23529411764706
82.14285714285714
76.19047619047619
59.25925925925925
76.47058823529412
81.81818181818183
76.19047619047619
70.58823529411765
84.61538461538461
66.66666666666666
45.45454545454545
72.72727272727273
81.48148148148148
90.47619047619048
88.46153846153845
71.42857142857143
94.11764705882352
78.57142857142857
88.23529411764706
78.57142857142857
74.07407407407408
36.36363636363637
75.0
100.0
62.5
77.77777777777779
80.0
86.66666666666667
80.0
76.47058823529412
92.3076923076923
100.0
100.0
90.9090909090909
71.42857142857143
82.35294117647058
70.58823529411765
60.0
77.77777777777779
100.0
100.0
100.0
100.0
87.5
68.18181818181817
90.47619047619048
86.36363636363636
100.0
73.68421052631578
100.0
82.35294117647058
95.65217391304348
75.0
85.0
82.35294117647058
100.0
100.0
87.5
94.11764705882352
77.77777777777779
96.0
100.0
100.0
70.0
94.73684210526316
92.3076923076923
42.85714285714285
85.71428571428571
60.0
86.95652173913044
85.71428571428571
57.89473684210527
100.0
50.0
91.66666666666666
71.42857142857143
62.5
80.0
61.53846153846154
91.30434782608695
89.47368421052632
90.0
87.5
100.0
100.0
37.5
92.0
66.66666666666666
75.0
86.48648648648648
84.61538461538461
86.66666666666667
85.71428571428571
88.23529411764706
50.0
89.47368421052632
45.45454545454545
36.36363636363637
73.33333333333333
65.0
100.0
87.5
86.36363636363636
85.71428571428571
100.0
80.0
100.0
83.33333333333334
47.368421052631575
90.0
92.3076923076923
80.95238095238095
61.11111111111112
100.0
76.92307692307693
53.84615384615385
53.84615384615385
81.81818181818183
94.44444444444444
100.0
84.61538461538461
81.81818181818183
80.95238095238095
66.66666666666666
55.55555555555556
85.71428571428571
76.47058823529412
66.66666666666666
80.95238095238095
60.86956521739131
57.692307692307686
61.53846153846154
78.57142857142857
89.65517241379311
100.0
74.07407407407408
89.65517241379311
100.0
82.14285714285714
89.65517241379311
100.0
100.0
66.66666666666666
75.0
92.85714285714286
81.25
88.88888888888889
73.68421052631578
56.52173913043478
90.0
92.0
85.71428571428571
86.66666666666667
79.16666666666666
85.71428571428571
80.0
83.33333333333334
80.0
80.0
92.85714285714286
90.9090909090909
44.44444444444444
71.42857142857143
84.375
83.33333333333334
93.33333333333331
93.33333333333331
68.42105263157895
60.0
88.88888888888889
100.0
66.66666666666666
72.22222222222221
83.33333333333334
73.33333333333333
88.88888888888889
83.33333333333334
77.77777777777779
80.0
94.73684210526316
81.81818181818183
75.0
78.57142857142857
92.85714285714286
62.5
88.88888888888889
100.0
100.0
88.88888888888889
100.0
100.0
100.0
100.0
71.42857142857143
100.0
100.0
63.63636363636363
45.45454545454545
91.30434782608695
100.0
70.0
87.5
90.9090909090909
92.3076923076923
88.23529411764706
62.5
83.33333333333334
100.0
53.333333333333336
100.0
83.33333333333334
64.70588235294117
57.14285714285714
100.0
85.0
86.66666666666667
80.0
100.0
72.72727272727273
85.71428571428571
100.0
72.72727272727273
94.11764705882352
40.0
100.0
100.0
83.33333333333334
88.88888888888889
100.0
92.3076923076923
84.61538461538461
88.88888888888889
90.0
83.87096774193549
75.0
100.0
96.7741935483871
92.3076923076923
96.96969696969695
60.0
100.0
90.0
94.44444444444444
100.0
80.0
100.0
100.0
78.57142857142857
66.66666666666666
87.5
75.0
83.33333333333334
80.0
100.0
100.0
52.38095238095239
47.368421052631575
100.0
87.5
83.33333333333334
70.0
66.66666666666666
90.0
55.55555555555556
89.47368421052632
80.0
88.23529411764706
84.61538461538461
88.23529411764706
100.0
71.42857142857143
100.0
90.0
100.0
83.33333333333334
100.0
90.9090909090909
71.42857142857143
83.33333333333334
100.0
100.0
81.25
100.0
90.9090909090909
90.9090909090909
96.7741935483871
100.0
54.54545454545454
83.33333333333334
70.37037037037037
100.0
92.85714285714286
80.0
68.75
78.94736842105263
100.0
62.5
80.0
83.33333333333334
85.0
100.0
70.0
82.35294117647058
100.0
100.0
57.14285714285714
93.10344827586206
84.375
100.0
87.03703703703704
78.94736842105263
36.36363636363637
100.0
91.66666666666666
44.44444444444444
83.33333333333334
100.0
82.35294117647058
77.77777777777779
93.33333333333331
82.14285714285714
61.53846153846154
66.66666666666666
40.0
83.33333333333334
44.44444444444444
68.75
41.66666666666667
66.66666666666666
90.0
90.0
55.55555555555556
54.54545454545454
33.33333333333333
100.0
62.5
68.18181818181817
92.3076923076923
100.0
52.94117647058824
75.0
77.77777777777779
100.0
92.3076923076923
100.0
93.33333333333331
54.54545454545454
88.23529411764706
85.71428571428571
68.18181818181817
100.0
87.5
95.45454545454544
94.44444444444444
62.5
100.0
100.0
78.94736842105263
93.75
77.77777777777779
94.73684210526316
81.81818181818183
89.28571428571429
92.0
100.0
100.0
90.0
75.0
95.65217391304348
93.33333333333331
100.0
87.5
88.23529411764706
100.0
90.47619047619048
100.0
91.66666666666666
0.0
100.0
42.10526315789473
94.73684210526316
57.14285714285714
64.28571428571429
50.0
92.3076923076923
67.85714285714286
78.26086956521739
66.66666666666666
93.75
80.0
46.15384615384615
73.91304347826086
89.47368421052632
100.0
87.5
85.71428571428571
80.0
92.85714285714286
12.5
80.0
71.42857142857143
100.0
73.91304347826086
76.92307692307693
82.35294117647058
100.0
81.81818181818183
30.0
100.0
100.0
82.75862068965517
94.11764705882352
100.0
42.85714285714285
100.0
100.0
79.16666666666666
100.0
100.0
100.0
100.0
100.0
78.57142857142857
94.11764705882352
100.0
42.85714285714285
93.33333333333331
71.42857142857143
79.16666666666666
90.0
100.0
72.72727272727273
76.19047619047619
93.10344827586206
100.0
71.42857142857143
78.57142857142857
100.0
64.28571428571429
83.33333333333334
60.86956521739131
92.3076923076923
94.11764705882352
100.0
72.72727272727273
100.0
86.36363636363636
71.42857142857143
95.23809523809524
90.625
57.14285714285714
92.5925925925926
85.71428571428571
75.75757575757575
45.45454545454545
91.17647058823528
94.44444444444444
75.0
70.58823529411765
97.2222222222222
60.0
66.66666666666666
89.65517241379311
56.25
100.0
65.625
78.57142857142857
100.0
90.9090909090909
89.47368421052632
100.0
50.0
96.0
90.9090909090909
88.23529411764706
90.0
68.42105263157895
100.0
83.33333333333334
57.89473684210527
70.0
89.47368421052632
84.21052631578947
73.68421052631578
93.93939393939394
84.61538461538461
100.0
100.0
95.45454545454544
100.0
40.0
92.85714285714286
68.75
85.71428571428571
25.0
94.11764705882352
81.25
100.0
76.0
82.35294117647058
100.0
100.0
95.83333333333334
100.0
68.96551724137932
94.11764705882352
100.0
87.5
80.76923076923077
87.5
66.66666666666666
93.75
100.0
87.5
91.66666666666666
88.88888888888889
86.66666666666667
69.23076923076923
72.22222222222221
77.77777777777779
75.0
88.88888888888889
100.0
86.66666666666667
94.73684210526316
93.33333333333331
88.88888888888889
72.72727272727273
75.0
85.71428571428571
64.28571428571429
40.0
14.285714285714285
80.0
72.72727272727273
88.88888888888889
78.26086956521739
66.66666666666666
62.5
100.0
64.28571428571429
78.94736842105263
52.0
74.07407407407408
83.78378378378379
100.0
90.9090909090909
6.666666666666667
57.89473684210527
66.66666666666666
40.0
66.66666666666666
71.42857142857143
86.66666666666667
82.35294117647058
84.21052631578947
79.16666666666666
91.66666666666666
85.71428571428571
75.0
62.5
88.46153846153845
80.0
90.9090909090909
76.47058823529412
76.92307692307693
65.0
82.35294117647058
100.0
89.47368421052632
82.35294117647058
100.0
93.33333333333331
91.66666666666666
100.0
96.0
88.88888888888889
87.09677419354838
100.0
95.65217391304348
97.5609756097561
72.72727272727273
88.0
87.5
70.0
61.53846153846154
62.5
50.0
75.0
88.88888888888889
70.58823529411765
91.66666666666666
70.58823529411765
100.0
53.84615384615385
70.0
71.42857142857143
80.0
100.0
40.0
42.10526315789473
84.61538461538461
55.55555555555556
70.0
100.0
82.6086956521739
92.85714285714286
100.0
100.0
95.65217391304348
60.0
88.88888888888889
66.66666666666666
76.19047619047619
84.61538461538461
88.46153846153845
95.45454545454544
100.0
100.0
70.96774193548387
90.9090909090909
76.47058823529412
92.3076923076923
87.5
71.42857142857143
83.33333333333334
42.85714285714285
76.47058823529412
87.5
90.0
86.20689655172413
83.33333333333334
100.0
83.33333333333334
100.0
100.0
90.9090909090909
66.66666666666666
63.63636363636363
88.23529411764706
96.7741935483871
72.72727272727273
51.85185185185185
90.9090909090909
100.0
50.0
100.0
80.0
54.54545454545454
77.27272727272727
55.55555555555556
100.0
100.0
80.95238095238095
77.77777777777779
73.33333333333333
76.92307692307693
76.19047619047619
76.47058823529412
75.0
100.0
85.71428571428571
86.95652173913044
46.66666666666666
83.33333333333334
100.0
72.72727272727273
71.42857142857143
79.16666666666666
100.0
100.0
100.0
85.71428571428571
95.0
80.95238095238095
85.71428571428571
80.0
77.77777777777779
63.63636363636363
100.0
88.23529411764706
100.0
72.72727272727273
53.84615384615385
78.57142857142857
78.125
90.0
100.0
84.61538461538461
90.9090909090909
86.95652173913044
78.04878048780488
100.0
38.46153846153847
72.72727272727273
94.11764705882352
72.72727272727273
62.5
50.0
93.33333333333331
55.55555555555556
76.92307692307693
100.0
100.0
66.66666666666666
67.64705882352942
100.0
70.0
40.0
50.0
75.0
64.51612903225806
90.0
72.72727272727273
52.38095238095239
86.66666666666667
96.15384615384616
92.85714285714286
94.11764705882352
83.87096774193549
80.0
100.0
18.181818181818183
68.42105263157895
87.5
77.77777777777779
100.0
100.0
100.0
71.42857142857143
100.0
100.0
58.82352941176471
85.0
100.0
91.66666666666666
60.0
100.0
100.0
84.21052631578947
86.8421052631579
90.0
70.0
77.77777777777779
96.22641509433964
50.0
80.0
88.23529411764706
78.57142857142857
92.5925925925926
36.36363636363637
75.0
78.57142857142857
88.23529411764706
92.0
52.38095238095239
71.42857142857143
100.0
85.18518518518519
90.9090909090909
80.76923076923077
90.47619047619048
88.23529411764706
94.11764705882352
57.89473684210527
90.0
82.6086956521739
85.71428571428571
70.83333333333334
60.0
78.26086956521739
76.19047619047619
73.91304347826086
100.0
87.5
0.0
87.5
85.71428571428571
33.33333333333333
92.0
25.0
80.0
71.42857142857143
87.5
94.73684210526316
95.65217391304348
61.53846153846154
100.0
100.0
67.85714285714286
100.0
30.0
100.0
92.3076923076923
14.285714285714285
78.57142857142857
80.0
100.0
91.66666666666666
50.0
95.83333333333334
71.42857142857143
66.66666666666666
88.0
25.0
52.63157894736842
73.91304347826086
90.0
80.0
71.42857142857143
100.0
100.0
78.57142857142857
80.0
92.3076923076923
82.6086956521739
84.21052631578947
75.0
85.71428571428571
57.14285714285714
92.3076923076923
100.0
73.68421052631578
70.0
50.0
70.83333333333334
100.0
54.54545454545454
66.66666666666666
60.0
100.0
100.0
91.30434782608695
86.20689655172413
89.28571428571429
94.11764705882352
89.1891891891892
88.88888888888889
74.07407407407408
100.0
100.0
100.0
82.14285714285714
79.3103448275862
100.0
95.83333333333334
92.3076923076923
100.0
100.0
80.0
72.0
88.23529411764706
100.0
100.0
100.0
93.33333333333331
82.35294117647058
89.47368421052632
76.92307692307693
100.0
84.61538461538461
94.11764705882352
90.9090909090909
100.0
84.61538461538461
66.66666666666666
89.65517241379311
85.18518518518519
92.3076923076923
60.0
100.0
100.0
100.0
93.33333333333331
55.55555555555556
83.33333333333334
93.75
75.0
86.66666666666667
100.0
100.0
86.66666666666667
87.5
81.25
72.72727272727273
100.0
79.16666666666666
91.66666666666666
76.92307692307693
42.85714285714285
87.5
88.88888888888889
100.0
77.77777777777779
84.0
100.0
84.61538461538461
100.0
100.0
81.81818181818183
100.0
100.0
85.71428571428571
100.0
100.0
75.0
95.45454545454544
94.11764705882352
75.0
92.3076923076923
91.66666666666666
83.33333333333334
94.11764705882352
100.0
93.75
85.71428571428571
84.0
90.0
87.5
91.66666666666666
100.0
81.25
100.0
85.71428571428571
42.85714285714285
100.0
88.88888888888889
100.0
80.0
100.0
84.61538461538461
100.0
71.42857142857143
88.88888888888889
81.81818181818183
86.66666666666667
89.47368421052632
72.72727272727273
75.0
65.0
100.0
100.0
70.0
66.66666666666666
78.57142857142857
92.3076923076923
100.0
57.14285714285714
77.77777777777779
90.9090909090909
84.0
100.0
69.23076923076923
85.71428571428571
87.5
100.0
100.0
100.0
100.0
92.85714285714286
100.0
84.21052631578947
76.47058823529412
100.0
92.0
100.0
100.0
93.33333333333331
29.411764705882355
100.0
92.85714285714286
20.0
69.23076923076923
70.0
71.42857142857143
80.0
100.0
100.0
95.0
95.0
100.0
71.42857142857143
83.33333333333334
94.73684210526316
80.0
100.0
90.9090909090909
82.6086956521739
72.72727272727273
82.35294117647058
60.0
75.0
83.87096774193549
70.0
66.66666666666666
85.71428571428571
88.46153846153845
88.46153846153845
60.0
86.36363636363636
100.0
77.41935483870968
84.84848484848484
92.3076923076923
100.0
88.88888888888889
100.0
100.0
83.33333333333334
90.9090909090909
83.33333333333334
100.0
93.5483870967742
93.10344827586206
90.0
100.0
82.35294117647058
71.42857142857143
75.0
72.72727272727273
78.57142857142857
100.0
95.45454545454544
51.85185185185185
83.33333333333334
63.63636363636363
94.11764705882352
75.0
63.63636363636363
88.88888888888889
66.66666666666666
100.0
76.19047619047619
75.0
82.14285714285714
100.0
100.0
86.66666666666667
94.11764705882352
46.66666666666666
95.83333333333334
100.0
100.0
79.16666666666666
71.42857142857143
54.54545454545454
65.21739130434783
85.71428571428571
100.0
85.71428571428571
88.23529411764706
86.95652173913044
80.0
90.9090909090909
74.07407407407408
68.0
100.0
68.42105263157895
86.36363636363636
85.71428571428571
81.25
88.23529411764706
100.0
87.5
100.0
85.0
60.0
100.0
66.66666666666666
76.19047619047619
78.26086956521739
81.25
71.42857142857143
78.26086956521739
33.33333333333333
85.71428571428571
66.66666666666666
62.5
92.5925925925926
57.14285714285714
71.42857142857143
92.3076923076923
77.77777777777779
83.33333333333334
87.5
70.0
100.0
90.0
57.89473684210527
90.0
73.91304347826086
76.19047619047619
83.33333333333334
70.0
91.30434782608695
85.71428571428571
73.91304347826086
76.92307692307693
90.32258064516128
46.66666666666666
60.71428571428571
63.63636363636363
84.61538461538461
100.0
100.0
78.125
86.66666666666667
92.85714285714286
80.0
83.33333333333334
100.0
69.23076923076923
76.92307692307693
100.0
83.33333333333334
80.0
86.66666666666667
68.0
81.81818181818183
100.0
75.0
94.73684210526316
76.92307692307693
81.48148148148148
92.0
100.0
100.0
84.61538461538461
100.0
100.0
100.0
100.0
71.42857142857143
100.0
76.47058823529412
81.25
87.5
83.33333333333334
100.0
100.0
100.0
87.5
93.33333333333331
73.33333333333333
95.0
100.0
83.87096774193549
77.77777777777779
63.1578947368421
100.0
100.0
86.66666666666667
93.33333333333331
75.0
94.73684210526316
94.44444444444444
100.0
100.0
100.0
100.0
92.3076923076923
71.42857142857143
88.88888888888889
76.0
76.92307692307693
83.33333333333334
74.07407407407408
100.0
100.0
70.58823529411765
87.09677419354838
62.5
87.5
90.0
100.0
100.0
100.0
90.9090909090909
76.92307692307693
100.0
53.84615384615385
80.0
100.0
70.0
91.66666666666666
74.07407407407408
76.19047619047619
100.0
100.0
83.33333333333334
100.0
72.72727272727273
100.0
80.0
96.55172413793105
96.29629629629628
100.0
90.0
77.27272727272727
100.0
94.44444444444444
100.0
100.0
100.0
100.0
100.0
100.0
80.0
75.0
75.0
100.0
88.88888888888889
63.63636363636363
76.92307692307693
100.0
100.0
100.0
100.0
75.0
100.0
100.0
100.0
80.0
85.71428571428571
100.0
100.0
75.0
100.0
87.5
88.0
85.0
90.9090909090909
100.0
100.0
95.23809523809524
71.42857142857143
100.0
100.0
90.9090909090909
100.0
100.0
80.76923076923077
100.0
92.85714285714286
88.88888888888889
88.88888888888889
87.5
100.0
83.33333333333334
71.42857142857143
66.66666666666666
88.0
93.75
88.88888888888889
33.33333333333333
90.0
90.47619047619048
33.33333333333333
70.0
72.72727272727273
62.5
69.23076923076923
86.66666666666667
50.0
40.0
96.15384615384616
81.48148148148148
100.0
92.3076923076923
64.70588235294117
40.0
90.0
83.87096774193549
93.33333333333331
84.61538461538461
76.19047619047619
36.84210526315789
75.0
100.0
90.0
90.0
90.0
83.33333333333334
77.77777777777779
89.47368421052632
95.0
88.23529411764706
84.61538461538461
66.66666666666666
90.0
80.0
100.0
93.75
94.11764705882352
83.33333333333334
77.77777777777779
100.0
100.0
89.65517241379311
100.0
100.0
100.0
100.0
64.28571428571429
100.0
83.87096774193549
88.23529411764706
54.54545454545454
83.33333333333334
62.96296296296296
100.0
100.0
81.25
85.71428571428571
55.55555555555556
50.0
94.11764705882352
42.85714285714285
50.0
42.85714285714285
95.0
76.19047619047619
95.45454545454544
80.0
87.5
86.66666666666667
77.77777777777779
60.0
100.0
100.0
63.63636363636363
88.88888888888889
66.66666666666666
100.0
66.66666666666666
90.0
85.71428571428571
100.0
100.0
100.0
85.71428571428571
82.6086956521739
90.9090909090909
64.28571428571429
75.0
100.0
100.0
95.83333333333334
46.66666666666666
88.23529411764706
93.33333333333331
88.23529411764706
60.0
50.0
86.66666666666667
86.66666666666667
100.0
73.33333333333333
100.0
84.61538461538461
84.21052631578947
58.333333333333336
83.33333333333334
92.85714285714286
66.66666666666666
87.09677419354838
78.94736842105263
100.0
100.0
87.5
100.0
100.0
80.0
89.47368421052632
80.0
33.33333333333333
83.33333333333334
85.71428571428571
82.75862068965517
78.57142857142857
93.93939393939394
66.66666666666666
87.5
100.0
100.0
88.88888888888889
70.37037037037037
85.18518518518519
100.0
75.0
71.42857142857143
66.66666666666666
100.0
72.22222222222221
68.96551724137932
84.84848484848484
44.44444444444444
87.5
100.0
90.9090909090909
88.88888888888889
81.48148148148148
74.07407407407408
0.0
100.0
100.0
90.0
100.0
87.09677419354838
100.0
62.5
100.0
100.0
89.47368421052632
70.0
71.42857142857143
77.27272727272727
85.71428571428571
77.27272727272727
80.0
78.94736842105263
75.0
100.0
90.9090909090909
76.47058823529412
75.0
95.65217391304348
96.55172413793105
96.0
78.57142857142857
100.0
84.21052631578947
76.47058823529412
87.5
55.55555555555556
85.0
76.47058823529412
75.0
86.66666666666667
60.0
100.0
100.0
76.47058823529412
60.0
66.66666666666666
90.0
100.0
100.0
73.33333333333333
50.0
100.0
92.85714285714286
87.5
85.71428571428571
90.47619047619048
86.66666666666667
92.85714285714286
83.33333333333334
93.33333333333331
78.125
54.54545454545454
80.0
84.61538461538461
87.09677419354838
66.66666666666666
60.71428571428571
81.81818181818183
89.74358974358975
75.0
90.9090909090909
75.0
100.0
69.23076923076923
84.61538461538461
100.0
66.66666666666666
40.0
100.0
75.0
58.82352941176471
87.09677419354838
85.71428571428571
100.0
83.33333333333334
100.0
100.0
76.92307692307693
71.42857142857143
76.0
59.25925925925925
77.77777777777779
43.75
100.0
83.33333333333334
100.0
100.0
94.73684210526316
87.5
93.33333333333331
86.66666666666667
95.0
100.0
68.42105263157895
66.66666666666666
69.23076923076923
90.0
75.0
71.42857142857143
72.72727272727273
91.66666666666666
100.0
93.75
57.14285714285714
86.66666666666667
88.46153846153845
85.71428571428571
90.0
88.23529411764706
92.3076923076923
78.26086956521739
83.33333333333334
71.42857142857143
92.85714285714286
92.85714285714286
57.14285714285714
100.0
82.75862068965517
85.71428571428571
63.63636363636363
100.0
79.16666666666666
100.0
71.42857142857143
72.72727272727273
90.0
100.0
81.48148148148148
66.66666666666666
77.77777777777779
94.11764705882352
100.0
87.5
94.44444444444444
76.92307692307693
68.0
66.66666666666666
60.0
100.0
92.3076923076923
66.66666666666666
75.0
95.45454545454544
100.0
100.0
73.91304347826086
94.73684210526316
100.0
80.0
93.75
77.77777777777779
92.3076923076923
54.54545454545454
92.3076923076923
78.57142857142857
84.21052631578947
77.77777777777779
100.0
91.30434782608695
96.7741935483871
100.0
72.22222222222221
100.0
100.0
100.0
94.73684210526316
100.0
100.0
91.66666666666666
93.33333333333331
75.0
92.85714285714286
84.21052631578947
100.0
80.0
87.5
100.0
75.0
75.0
100.0
57.14285714285714
100.0
77.77777777777779
88.88888888888889
80.0
80.0
93.10344827586206
92.0
72.22222222222221
100.0
85.0
80.0
82.35294117647058
58.333333333333336
76.47058823529412
83.33333333333334
92.3076923076923
86.95652173913044
84.61538461538461
84.61538461538461
100.0
37.5
100.0
85.0
77.77777777777779
91.66666666666666
77.77777777777779
72.22222222222221
40.0
79.16666666666666
76.19047619047619
72.72727272727273
50.0
100.0
57.14285714285714
81.81818181818183
100.0
100.0
75.0
57.14285714285714
58.333333333333336
78.57142857142857
80.0
85.0
100.0
78.125
75.0
61.90476190476191
80.0
100.0
90.47619047619048
100.0
100.0
91.30434782608695
100.0
79.3103448275862
100.0
87.5
75.0
21.428571428571427
66.66666666666666
88.88888888888889
77.77777777777779
100.0
82.75862068965517
84.61538461538461
100.0
87.5
66.66666666666666
83.33333333333334
71.42857142857143
75.0
80.76923076923077
83.33333333333334
87.5
69.23076923076923
62.5
90.0
100.0
100.0
89.28571428571429
88.88888888888889
100.0
50.0
66.66666666666666
40.0
77.77777777777779
85.71428571428571
100.0
100.0
80.0
100.0
90.0
100.0
94.73684210526316
53.333333333333336
87.5
71.42857142857143
71.42857142857143
81.25
100.0
85.0
72.22222222222221
100.0
88.88888888888889
61.11111111111112
47.05882352941176
72.72727272727273
75.0
60.0
90.9090909090909
44.44444444444444
64.70588235294117
75.0
40.0
62.5
86.66666666666667
95.23809523809524
75.0
85.29411764705883
83.33333333333334
60.0
100.0
87.5
100.0
93.33333333333331
52.38095238095239
86.36363636363636
100.0
78.94736842105263
90.0
100.0
33.33333333333333
62.96296296296296
88.88888888888889
77.77777777777779
81.81818181818183
77.77777777777779
87.5
66.66666666666666
84.84848484848484
89.28571428571429
86.20689655172413
92.85714285714286
100.0
83.33333333333334
100.0
88.88888888888889
100.0
66.66666666666666
94.44444444444444
84.21052631578947
90.0
100.0
77.41935483870968
93.75
76.47058823529412
100.0
100.0
100.0
100.0
100.0
75.0
78.26086956521739
100.0
62.96296296296296
100.0
91.66666666666666
88.88888888888889
87.5
100.0
68.42105263157895
100.0
62.5
84.21052631578947
100.0
88.88888888888889
95.0
85.71428571428571
64.28571428571429
100.0
75.0
80.0
79.3103448275862
72.22222222222221
50.0
75.0
45.45454545454545
57.14285714285714
62.5
75.0
89.47368421052632
63.63636363636363
70.96774193548387
64.28571428571429
95.0
75.0
100.0
57.14285714285714
85.71428571428571
85.0
94.44444444444444
100.0
78.94736842105263
75.0
51.72413793103448
100.0
100.0
100.0
50.0
72.72727272727273
70.96774193548387
89.47368421052632
62.5
68.75
54.54545454545454
75.0
83.33333333333334
77.77777777777779
100.0
100.0
57.14285714285714
100.0
61.11111111111112
82.75862068965517
90.0
75.0
100.0
71.42857142857143
100.0
100.0
90.0
100.0
83.33333333333334
73.68421052631578
75.0
100.0
66.66666666666666
100.0
100.0
50.0
100.0
70.96774193548387
78.94736842105263
87.5
62.5
57.14285714285714
90.9090909090909
83.33333333333334
83.33333333333334
85.71428571428571
80.0
89.28571428571429
66.66666666666666
78.94736842105263
88.0
90.47619047619048
80.95238095238095
83.33333333333334
83.33333333333334
66.66666666666666
67.85714285714286
73.33333333333333
78.57142857142857
44.44444444444444
76.31578947368422
68.0
83.33333333333334
85.71428571428571
85.71428571428571
83.33333333333334
82.75862068965517
50.0
77.77777777777779
42.85714285714285
100.0
25.0
70.83333333333334
100.0
88.88888888888889
80.0
75.0
80.0
54.54545454545454
100.0
56.25
100.0
66.66666666666666
80.95238095238095
80.0
100.0
100.0
91.66666666666666
82.6086956521739
84.21052631578947
72.22222222222221
84.21052631578947
90.0
60.0
75.0
75.0
72.72727272727273
82.35294117647058
90.9090909090909
100.0
25.0
100.0
85.71428571428571
100.0
100.0
90.0
88.88888888888889
100.0
80.0
86.66666666666667
100.0
100.0
87.5
92.85714285714286
66.66666666666666
100.0
71.42857142857143
71.42857142857143
100.0
100.0
100.0
100.0
100.0
100.0
61.53846153846154
65.78947368421053
94.28571428571428
80.0
72.72727272727273
100.0
100.0
100.0
95.45454545454544
90.0
28.57142857142857
88.88888888888889
100.0
100.0
96.29629629629628
92.85714285714286
100.0
87.5
68.18181818181817
83.33333333333334
87.5
93.75
68.75
70.0
92.85714285714286
84.21052631578947
78.57142857142857
100.0
58.333333333333336
100.0
100.0
85.71428571428571
90.32258064516128
73.33333333333333
92.3076923076923
73.07692307692307
84.61538461538461
87.5
91.66666666666666
80.0
44.44444444444444
87.5
62.5
79.16666666666666
100.0
96.7741935483871
25.0
76.47058823529412
96.15384615384616
100.0
92.85714285714286
87.5
59.09090909090909
60.0
62.5
75.0
82.35294117647058
73.33333333333333
90.9090909090909
55.55555555555556
80.0
83.33333333333334
84.21052631578947
50.0
70.58823529411765
70.0
76.92307692307693
93.33333333333331
66.66666666666666
68.75
100.0
89.47368421052632
60.0
100.0
63.63636363636363
73.68421052631578
90.74074074074076
100.0
88.88888888888889
75.0
100.0
97.2222222222222
100.0
93.75
100.0
85.71428571428571
90.0
100.0
70.58823529411765
80.0
70.0
100.0
100.0
87.5
60.0
97.36842105263158
94.73684210526316
100.0
78.57142857142857
90.0
93.75
100.0
90.9090909090909
100.0
100.0
75.0
71.42857142857143
86.66666666666667
78.57142857142857
44.44444444444444
86.8421052631579
68.0
83.33333333333334
76.19047619047619
80.95238095238095
91.66666666666666
63.63636363636363
95.23809523809524
75.0
77.77777777777779
83.33333333333334
57.14285714285714
100.0
75.0
80.0
100.0
81.25
83.33333333333334
58.333333333333336
50.0
100.0
71.42857142857143
83.33333333333334
50.0
84.61538461538461
84.61538461538461
90.47619047619048
73.33333333333333
70.0
80.0
75.0
71.42857142857143
100.0
66.66666666666666
94.73684210526316
78.94736842105263
100.0
80.0
56.25
100.0
100.0
83.33333333333334
92.85714285714286
77.27272727272727
87.5
69.56521739130434
100.0
85.71428571428571
100.0
100.0
100.0
100.0
81.25
82.35294117647058
80.0
81.81818181818183
84.61538461538461
100.0
68.42105263157895
100.0
87.5
77.77777777777779
90.9090909090909
87.5
100.0
100.0
100.0
85.0
88.88888888888889
92.85714285714286
100.0
100.0
81.81818181818183
83.33333333333334
75.0
85.71428571428571
65.78947368421053
100.0
63.63636363636363
40.0
94.11764705882352
68.75
83.33333333333334
100.0
100.0
61.53846153846154
85.0
71.42857142857143
100.0
100.0
87.5
100.0
91.30434782608695
83.33333333333334
96.29629629629628
100.0
100.0
81.81818181818183
76.92307692307693
72.72727272727273
100.0
50.0
100.0
100.0
80.0
100.0
88.23529411764706
87.5
93.33333333333331
84.21052631578947
100.0
85.71428571428571
88.23529411764706
71.42857142857143
76.19047619047619
96.0
86.36363636363636
100.0
100.0
83.33333333333334
56.25
90.9090909090909
83.33333333333334
65.0
93.10344827586206
71.42857142857143
85.71428571428571
87.5
100.0
76.0
82.35294117647058
100.0
94.44444444444444
100.0
81.25
76.92307692307693
100.0
100.0
80.0
100.0
100.0
83.33333333333334
89.47368421052632
92.5925925925926
93.75
50.0
100.0
88.88888888888889
88.88888888888889
77.77777777777779
60.0
89.65517241379311
92.85714285714286
75.0
72.72727272727273
62.5
71.42857142857143
100.0
100.0
90.625
69.23076923076923
87.5
90.0
85.0
84.61538461538461
90.47619047619048
83.33333333333334
68.42105263157895
92.5925925925926
93.75
60.0
88.23529411764706
92.0
75.0
100.0
100.0
100.0
86.48648648648648
79.16666666666666
94.73684210526316
100.0
62.5
100.0
64.28571428571429
100.0
70.58823529411765
94.11764705882352
58.333333333333336
50.0
89.47368421052632
100.0
80.0
94.11764705882352
94.11764705882352
77.77777777777779
100.0
96.42857142857144
72.0
93.75
85.0
80.0
100.0
60.0
100.0
87.09677419354838
86.66666666666667
100.0
90.47619047619048
83.33333333333334
81.81818181818183
87.5
94.44444444444444
84.61538461538461
72.72727272727273
72.72727272727273
65.21739130434783
50.0
100.0
100.0
100.0
100.0
84.61538461538461
88.88888888888889
76.0
73.68421052631578
80.0
100.0
100.0
64.70588235294117
100.0
86.36363636363636
64.28571428571429
100.0
90.0
100.0
77.27272727272727
87.5
73.91304347826086
92.3076923076923
80.48780487804879
100.0
89.28571428571429
57.89473684210527
100.0
85.71428571428571
77.27272727272727
83.33333333333334
83.33333333333334
100.0
100.0
100.0
84.61538461538461
93.33333333333331
100.0
100.0
74.07407407407408
83.33333333333334
82.35294117647058
87.5
60.0
88.88888888888889
87.5
28.57142857142857
84.21052631578947
84.375
94.73684210526316
90.0
94.44444444444444
100.0
77.77777777777779
72.22222222222221
76.47058823529412
85.71428571428571
100.0
81.81818181818183
83.33333333333334
83.33333333333334
58.333333333333336
82.35294117647058
95.65217391304348
96.0
94.44444444444444
100.0
84.61538461538461
84.21052631578947
95.0
82.35294117647058
41.17647058823529
100.0
100.0
91.66666666666666
30.0
100.0
100.0
100.0
100.0
89.47368421052632
94.73684210526316
86.66666666666667
72.41379310344827
87.5
100.0
100.0
100.0
80.76923076923077
90.0
100.0
100.0
87.5
85.71428571428571
100.0
100.0
63.63636363636363
100.0
80.0
62.5
94.11764705882352
75.0
93.33333333333331
92.3076923076923
100.0
96.7741935483871
93.33333333333331
88.88888888888889
100.0
58.82352941176471
91.30434782608695
53.84615384615385
91.66666666666666
100.0
93.93939393939394
54.54545454545454
56.25
85.0
87.5
100.0
62.5
88.88888888888889
84.61538461538461
53.84615384615385
95.45454545454544
100.0
100.0
100.0
100.0
62.5
90.9090909090909
71.42857142857143
85.71428571428571
100.0
100.0
89.65517241379311
52.38095238095239
54.54545454545454
100.0
90.0
64.28571428571429
79.16666666666666
80.0
100.0
96.875
42.85714285714285
96.15384615384616
76.47058823529412
85.71428571428571
66.66666666666666
100.0
73.91304347826086
100.0
81.81818181818183
71.42857142857143
82.35294117647058
80.0
75.0
66.66666666666666
53.84615384615385
89.47368421052632
90.9090909090909
100.0
75.0
100.0
88.88888888888889
47.05882352941176
75.0
75.0
75.0
66.66666666666666
66.66666666666666
71.42857142857143
83.33333333333334
78.57142857142857
79.48717948717949
50.0
92.3076923076923
70.58823529411765
100.0
82.35294117647058
25.0
52.63157894736842
100.0
78.94736842105263
100.0
69.23076923076923
81.81818181818183
80.0
100.0
95.65217391304348
96.55172413793105
92.85714285714286
81.08108108108108
88.23529411764706
82.75862068965517
82.14285714285714
100.0
100.0
82.75862068965517
81.48148148148148
100.0
66.66666666666666
91.66666666666666
100.0
100.0
100.0
68.0
100.0
100.0
85.71428571428571
85.71428571428571
100.0
87.09677419354838
100.0
100.0
95.83333333333334
100.0
100.0
100.0
100.0
100.0
100.0
60.0
100.0
95.45454545454544
80.0
14.285714285714285
87.5
100.0
100.0
100.0
74.07407407407408
94.28571428571428
71.05263157894737
100.0
100.0
92.5925925925926
87.5
80.55555555555556
90.9090909090909
100.0
91.66666666666666
100.0
76.92307692307693
100.0
100.0
80.0
75.0
100.0
100.0
76.92307692307693
72.72727272727273
100.0
80.0
100.0
100.0
100.0
75.0
100.0
100.0
90.9090909090909
87.5
70.0
84.61538461538461
100.0
88.23529411764706
100.0
70.58823529411765
100.0
75.0
93.33333333333331
100.0
66.66666666666666
87.5
80.0
100.0
90.0
100.0
85.71428571428571
90.9090909090909
85.71428571428571
100.0
100.0
95.23809523809524
100.0
75.0
90.0
100.0
61.53846153846154
100.0
100.0
95.0
100.0
91.66666666666666
88.88888888888889
87.5
92.85714285714286
100.0
83.33333333333334
75.0
100.0
100.0
100.0
72.72727272727273
62.5
85.71428571428571
80.0
92.0
58.82352941176471
60.0
50.0
80.0
96.55172413793105
70.0
55.55555555555556
81.81818181818183
75.0
85.71428571428571
100.0
95.23809523809524
83.33333333333334
89.47368421052632
88.88888888888889
93.75
100.0
100.0
86.66666666666667
96.0
88.88888888888889
95.0
100.0
81.81818181818183
87.5
61.53846153846154
100.0
90.0
90.0
87.5
76.47058823529412
56.25
100.0
78.57142857142857
75.0
83.33333333333334
57.14285714285714
78.57142857142857
72.22222222222221
100.0
100.0
33.33333333333333
73.33333333333333
80.0
73.91304347826086
90.9090909090909
66.66666666666666
100.0
84.61538461538461
73.07692307692307
100.0
100.0
76.47058823529412
100.0
61.53846153846154
85.71428571428571
100.0
100.0
83.33333333333334
83.33333333333334
60.0
78.94736842105263
100.0
78.57142857142857
100.0
62.5
53.333333333333336
81.81818181818183
55.55555555555556
75.0
81.81818181818183
80.0
80.0
62.5
75.0
64.70588235294117
94.73684210526316
66.66666666666666
100.0
100.0
73.33333333333333
80.0
42.85714285714285
41.17647058823529
93.75
60.0
100.0
92.3076923076923
66.66666666666666
100.0
86.36363636363636
76.19047619047619
85.29411764705883
83.33333333333334
60.0
50.0
84.375
96.7741935483871
90.0
57.14285714285714
93.75
100.0
80.64516129032258
100.0
80.0
84.21052631578947
72.22222222222221
76.19047619047619
100.0
92.3076923076923
78.94736842105263
90.0
81.48148148148148
0.0
71.42857142857143
83.33333333333334
100.0
78.57142857142857
82.75862068965517
85.71428571428571
78.78787878787878
61.11111111111112
100.0
81.81818181818183
83.33333333333334
81.48148148148148
100.0
96.29629629629628
90.9090909090909
92.3076923076923
95.23809523809524
82.35294117647058
84.61538461538461
95.23809523809524
57.14285714285714
94.11764705882352
94.44444444444444
82.35294117647058
85.71428571428571
88.23529411764706
77.77777777777779
72.72727272727273
100.0
90.0
62.5
90.56603773584906
88.88888888888889
70.0
86.66666666666667
96.0
85.71428571428571
82.14285714285714
100.0
90.0
100.0
60.0
75.0
68.75
83.33333333333334
88.88888888888889
55.55555555555556
71.42857142857143
33.33333333333333
91.30434782608695
38.88888888888889
77.77777777777779
83.33333333333334
58.333333333333336
33.33333333333333
71.42857142857143
96.29629629629628
95.23809523809524
57.14285714285714
80.0
100.0
71.42857142857143
78.26086956521739
84.61538461538461
92.85714285714286
87.5
69.23076923076923
70.0
100.0
82.6086956521739
70.0
77.77777777777779
100.0
100.0
100.0
100.0
90.0
100.0
87.5
92.85714285714286
100.0
94.11764705882352
100.0
100.0
94.44444444444444
55.55555555555556
100.0
66.66666666666666
64.0
86.20689655172413
88.88888888888889
69.23076923076923
78.94736842105263
88.23529411764706
100.0
85.18518518518519
82.35294117647058
91.30434782608695
65.0
90.0
91.66666666666666
78.26086956521739
88.88888888888889
60.0
85.71428571428571
84.0
85.0
69.56521739130434
78.94736842105263
96.29629629629628
93.75
71.42857142857143
75.0
89.47368421052632
100.0
100.0
93.33333333333331
94.44444444444444
83.33333333333334
77.77777777777779
88.88888888888889
69.23076923076923
73.33333333333333
77.77777777777779
83.33333333333334
70.0
76.0
81.81818181818183
84.375
100.0
90.9090909090909
80.0
100.0
84.61538461538461
94.11764705882352
71.42857142857143
94.44444444444444
95.83333333333334
77.77777777777779
87.5
71.42857142857143
69.23076923076923
91.66666666666666
70.83333333333334
88.23529411764706
92.85714285714286
28.57142857142857
76.47058823529412
90.47619047619048
75.0
90.9090909090909
44.44444444444444
80.0
92.3076923076923
90.0
72.22222222222221
100.0
85.71428571428571
92.85714285714286
80.0
100.0
64.70588235294117
89.47368421052632
83.33333333333334
76.92307692307693
100.0
88.88888888888889
41.17647058823529
92.3076923076923
91.66666666666666
60.0
54.54545454545454
82.92682926829268
69.56521739130434
95.23809523809524
89.47368421052632
96.7741935483871
79.54545454545455
100.0
100.0
76.0
100.0
85.0
78.94736842105263
58.82352941176471
66.66666666666666
74.07407407407408
90.0
90.0
84.61538461538461
81.81818181818183
100.0
81.81818181818183
58.333333333333336
84.61538461538461
75.86206896551724
81.81818181818183
50.0
66.66666666666666
21.428571428571427
100.0
90.0
35.294117647058826
82.14285714285714
20.0
61.53846153846154
70.0
78.57142857142857
100.0
28.57142857142857
38.46153846153847
76.92307692307693
41.66666666666667
86.66666666666667
57.14285714285714
73.68421052631578
76.47058823529412
47.05882352941176
87.5
100.0
100.0
100.0
100.0
100.0
40.0
86.95652173913044
72.22222222222221
87.5
100.0
100.0
95.65217391304348
76.47058823529412
94.44444444444444
58.333333333333336
95.23809523809524
86.95652173913044
100.0
100.0
70.0
100.0
78.57142857142857
95.23809523809524
100.0
88.88888888888889
83.33333333333334
93.75
75.0
60.0
83.33333333333334
88.88888888888889
80.95238095238095
86.95652173913044
50.0
71.42857142857143
66.66666666666666
83.33333333333334
77.77777777777779
83.33333333333334
38.88888888888889
90.0
60.0
66.66666666666666
100.0
100.0
66.66666666666666
60.0
82.35294117647058
94.11764705882352
86.36363636363636
76.92307692307693
96.96969696969695
100.0
73.33333333333333
100.0
50.0
94.44444444444444
88.88888888888889
92.3076923076923
87.5
81.25
82.35294117647058
68.96551724137932
100.0
66.66666666666666
94.44444444444444
100.0
82.05128205128204
87.5
78.26086956521739
71.42857142857143
100.0
71.42857142857143
95.65217391304348
75.0
46.15384615384615
100.0
81.48148148148148
92.3076923076923
64.28571428571429
100.0
85.71428571428571
86.95652173913044
81.25
84.61538461538461
96.96969696969695
72.72727272727273
86.36363636363636
73.33333333333333
71.42857142857143
77.14285714285715
95.65217391304348
78.26086956521739
63.63636363636363
100.0
73.68421052631578
84.21052631578947
64.28571428571429
84.21052631578947
91.66666666666666
81.81818181818183
86.95652173913044
65.21739130434783
62.85714285714285
71.42857142857143
85.71428571428571
87.5
97.14285714285714
73.91304347826086
81.81818181818183
91.66666666666666
78.94736842105263
84.21052631578947
78.57142857142857
92.3076923076923
77.77777777777779
95.65217391304348
84.61538461538461
89.74358974358975
84.21052631578947
66.66666666666666
100.0
81.81818181818183
73.33333333333333
76.47058823529412
95.0
72.41379310344827
82.35294117647058
100.0
96.96969696969695
83.33333333333334
100.0
100.0
97.5
100.0
81.25
76.92307692307693
90.9090909090909
86.36363636363636
81.81818181818183
66.66666666666666
71.42857142857143
65.71428571428571
91.30434782608695
73.91304347826086
72.72727272727273
100.0
78.94736842105263
83.33333333333334
88.88888888888889
58.333333333333336
70.58823529411765
68.96551724137932
74.35897435897436
88.23529411764706
78.94736842105263
57.14285714285714
76.92307692307693
92.5925925925926
85.71428571428571
84.61538461538461
100.0
87.5
100.0
100.0
100.0
64.70588235294117
80.64516129032258
77.77777777777779
75.0
94.44444444444444
100.0
100.0
94.73684210526316
87.5
93.33333333333331
86.66666666666667
75.0
96.0
74.07407407407408
69.23076923076923
100.0
84.21052631578947
55.55555555555556
88.88888888888889
70.0
92.5925925925926
100.0
88.23529411764706
84.21052631578947
92.3076923076923
88.88888888888889
93.10344827586206
92.0
100.0
82.35294117647058
78.26086956521739
90.0
100.0
33.33333333333333
100.0
86.36363636363636
100.0
91.66666666666666
90.0
100.0
100.0
73.68421052631578
95.65217391304348
91.66666666666666
100.0
90.9090909090909
96.0
100.0
100.0
66.66666666666666
86.66666666666667
87.5
80.0
84.61538461538461
100.0
100.0
29.411764705882355
72.0
87.5
76.47058823529412
100.0
46.15384615384615
87.5
80.0
84.61538461538461
82.35294117647058
88.23529411764706
92.3076923076923
86.95652173913044
72.72727272727273
90.9090909090909
100.0
83.33333333333334
100.0
90.9090909090909
92.3076923076923
100.0
81.81818181818183
100.0
85.71428571428571
90.47619047619048
100.0
100.0
72.0
92.85714285714286
100.0
84.84848484848484
100.0
87.5
96.0
100.0
93.33333333333331
61.90476190476191
89.47368421052632
87.5
52.38095238095239
76.0
100.0
100.0
75.86206896551724
78.26086956521739
100.0
60.0
86.36363636363636
96.15384615384616
100.0
81.81818181818183
100.0
83.33333333333334
73.07692307692307
100.0
73.91304347826086
73.33333333333333
61.53846153846154
100.0
100.0
84.61538461538461
92.3076923076923
100.0
89.47368421052632
100.0
100.0
96.42857142857144
82.6086956521739
85.71428571428571
77.77777777777779
66.66666666666666
64.28571428571429
72.72727272727273
50.0
65.38461538461539
64.51612903225806
53.333333333333336
40.0
84.61538461538461
73.91304347826086
70.0
69.23076923076923
66.66666666666666
50.0
72.72727272727273
76.92307692307693
69.23076923076923
90.9090909090909
100.0
84.21052631578947
100.0
75.0
66.66666666666666
82.14285714285714
76.92307692307693
60.86956521739131
90.9090909090909
80.0
76.92307692307693
95.65217391304348
92.85714285714286
77.77777777777779
71.42857142857143
89.28571428571429
63.63636363636363
100.0
80.76923076923077
64.51612903225806
80.0
100.0
90.9090909090909
75.0
84.61538461538461
91.30434782608695
80.76923076923077
86.36363636363636
50.0
66.66666666666666
93.75
100.0
94.73684210526316
60.0
50.0
100.0
75.75757575757575
92.3076923076923
92.3076923076923
81.81818181818183
100.0
61.53846153846154
91.30434782608695
85.71428571428571
77.77777777777779
80.95238095238095
100.0
72.72727272727273
50.0
65.38461538461539
70.96774193548387
80.0
73.91304347826086
100.0
73.07692307692307
86.95652173913044
100.0
89.28571428571429
100.0
75.0
100.0
94.73684210526316
100.0
92.3076923076923
100.0
87.87878787878788
100.0
70.83333333333334
100.0
100.0
81.81818181818183
100.0
100.0
84.21052631578947
100.0
100.0
90.9090909090909
100.0
100.0
88.23529411764706
100.0
94.44444444444444
100.0
100.0
71.42857142857143
86.66666666666667
100.0
80.0
75.0
84.21052631578947
75.0
70.0
100.0
75.0
58.82352941176471
83.33333333333334
92.85714285714286
89.28571428571429
92.0
87.5
50.0
100.0
77.77777777777779
75.0
93.33333333333331
43.75
60.0
86.66666666666667
91.66666666666666
73.91304347826086
88.23529411764706
95.0
100.0
100.0
85.71428571428571
80.64516129032258
91.66666666666666
92.85714285714286
100.0
80.0
92.85714285714286
85.71428571428571
95.65217391304348
100.0
80.95238095238095
100.0
83.33333333333334
100.0
77.77777777777779
72.22222222222221
66.66666666666666
54.16666666666666
100.0
100.0
83.33333333333334
91.30434782608695
90.47619047619048
66.66666666666666
100.0
100.0
68.75
81.25
100.0
55.55555555555556
87.5
83.33333333333334
85.0
56.25
88.0
88.88888888888889
83.33333333333334
92.3076923076923
73.07692307692307
75.0
95.0
79.16666666666666
96.0
85.18518518518519
100.0
76.92307692307693
66.66666666666666
83.33333333333334
60.0
66.66666666666666
86.66666666666667
60.0
100.0
100.0
76.47058823529412
100.0
100.0
93.75
55.55555555555556
50.0
88.88888888888889
100.0
82.35294117647058
66.66666666666666
89.47368421052632
100.0
80.0
100.0
83.33333333333334
90.625
100.0
93.33333333333331
100.0
64.28571428571429
78.57142857142857
75.0
90.0
100.0
100.0
100.0
100.0
100.0
85.0
83.33333333333334
72.72727272727273
85.71428571428571
100.0
75.0
89.47368421052632
74.19354838709677
81.81818181818183
50.0
80.0
100.0
91.66666666666666
100.0
87.5
78.94736842105263
83.33333333333334
100.0
71.42857142857143
90.9090909090909
82.35294117647058
71.42857142857143
73.68421052631578
90.0
94.73684210526316
90.9090909090909
78.57142857142857
65.625
70.0
25.0
96.0
100.0
27.27272727272727
73.07692307692307
89.1891891891892
80.76923076923077
100.0
90.47619047619048
100.0
58.82352941176471
70.58823529411765
100.0
62.5
92.85714285714286
90.9090909090909
57.14285714285714
92.3076923076923
100.0
93.33333333333331
80.0
100.0
100.0
100.0
100.0
100.0
88.88888888888889
88.0
100.0
100.0
84.61538461538461
100.0
65.0
95.83333333333334
86.36363636363636
84.21052631578947
100.0
100.0
89.47368421052632
100.0
50.0
55.55555555555556
100.0
92.3076923076923
100.0
50.0
91.66666666666666
86.66666666666667
80.0
100.0
75.0
95.45454545454544
95.0
86.95652173913044
100.0
95.45454545454544
100.0
83.33333333333334
69.23076923076923
91.66666666666666
80.0
85.71428571428571
83.33333333333334
83.33333333333334
100.0
75.0
86.66666666666667
68.75
90.0
89.47368421052632
100.0
92.85714285714286
100.0
100.0
69.23076923076923
88.46153846153845
100.0
84.61538461538461
82.35294117647058
50.0
96.7741935483871
79.16666666666666
88.46153846153845
100.0
100.0
93.75
100.0
100.0
100.0
92.85714285714286
87.09677419354838
73.33333333333333
100.0
83.33333333333334
33.33333333333333
66.66666666666666
50.0
75.0
100.0
100.0
80.0
33.33333333333333
87.5
100.0
94.73684210526316
77.77777777777779
75.0
100.0
100.0
91.66666666666666
62.5
75.0
81.81818181818183
68.75
100.0
83.33333333333334
100.0
45.45454545454545
100.0
100.0
81.81818181818183
61.53846153846154
91.66666666666666
75.0
100.0
100.0
100.0
81.81818181818183
81.81818181818183
100.0
75.0
91.66666666666666
81.81818181818183
90.9090909090909
83.33333333333334
81.81818181818183
100.0
100.0
69.23076923076923
75.0
68.75
87.5
100.0
100.0
100.0
94.73684210526316
87.5
100.0
80.0
100.0
90.0
75.0
75.0
100.0
100.0
55.55555555555556
50.0
33.33333333333333
90.9090909090909
83.33333333333334
83.33333333333334
100.0
75.0
100.0
89.47368421052632
92.3076923076923
72.72727272727273
100.0
100.0
100.0
100.0
83.33333333333334
87.5
75.0
100.0
72.72727272727273
87.5
75.0
63.63636363636363
91.66666666666666
100.0
100.0
50.0
100.0
100.0
100.0
100.0
87.5
100.0
86.66666666666667
72.72727272727273
87.5
77.77777777777779
81.25
80.0
92.5925925925926
96.66666666666669
80.0
100.0
75.0
100.0
92.85714285714286
97.14285714285714
100.0
100.0
61.53846153846154
100.0
84.0
100.0
82.14285714285714
88.88888888888889
80.0
72.72727272727273
70.58823529411765
90.9090909090909
100.0
94.73684210526316
72.72727272727273
86.66666666666667
65.38461538461539
96.15384615384616
90.625
100.0
92.85714285714286
84.61538461538461
73.68421052631578
95.65217391304348
90.9090909090909
64.28571428571429
92.85714285714286
82.92682926829268
90.9090909090909
72.72727272727273
61.90476190476191
73.33333333333333
83.87096774193549
75.0
55.00000000000001
90.47619047619048
83.33333333333334
40.0
50.0
100.0
82.35294117647058
87.5
73.68421052631578
71.42857142857143
60.0
75.0
75.0
88.88888888888889
70.0
82.35294117647058
84.21052631578947
100.0
57.14285714285714
100.0
96.875
83.33333333333334
80.55555555555556
55.55555555555556
83.33333333333334
100.0
100.0
62.5
92.5925925925926
68.42105263157895
100.0
63.63636363636363
88.88888888888889
80.0
100.0
95.0
100.0
80.76923076923077
50.0
85.71428571428571
100.0
88.23529411764706
70.0
92.85714285714286
77.77777777777779
100.0
100.0
92.3076923076923
63.63636363636363
75.0
55.55555555555556
93.33333333333331
61.53846153846154
78.57142857142857
87.5
68.42105263157895
66.66666666666666
82.35294117647058
81.48148148148148
75.0
88.88888888888889
100.0
88.23529411764706
50.0
93.33333333333331
100.0
75.0
90.47619047619048
85.71428571428571
100.0
63.63636363636363
100.0
100.0
75.0
100.0
86.66666666666667
80.64516129032258
100.0
100.0
86.66666666666667
88.88888888888889
100.0
80.0
64.70588235294117
80.95238095238095
85.71428571428571
82.35294117647058
63.63636363636363
85.71428571428571
81.81818181818183
90.47619047619048
100.0
75.0
72.72727272727273
100.0
94.44444444444444
81.25
85.18518518518519
56.25
83.33333333333334
100.0
85.0
100.0
87.5
95.45454545454544
100.0
86.66666666666667
96.42857142857144
89.47368421052632
77.77777777777779
71.42857142857143
40.0
93.10344827586206
68.75
87.5
100.0
90.9090909090909
87.5
85.71428571428571
100.0
100.0
100.0
100.0
100.0
87.5
100.0
58.333333333333336
100.0
100.0
85.71428571428571
75.0
100.0
70.0
86.66666666666667
90.47619047619048
100.0
90.47619047619048
66.66666666666666
80.0
90.0
75.0
85.71428571428571
81.25
94.73684210526316
77.77777777777779
100.0
76.92307692307693
100.0
90.9090909090909
87.09677419354838
78.57142857142857
90.0
87.5
100.0
92.85714285714286
100.0
85.71428571428571
85.71428571428571
91.66666666666666
100.0
85.71428571428571
100.0
72.0
85.71428571428571
60.0
87.5
94.11764705882352
88.88888888888889
53.84615384615385
100.0
100.0
76.0
100.0
91.66666666666666
81.48148148148148
76.19047619047619
85.71428571428571
100.0
100.0
100.0
100.0
100.0
100.0
88.88888888888889
77.77777777777779
100.0
100.0
92.3076923076923
100.0
94.73684210526316
88.88888888888889
94.73684210526316
82.6086956521739
90.32258064516128
100.0
100.0
95.0
100.0
75.0
100.0
100.0
100.0
93.33333333333331
100.0
41.66666666666667
95.0
84.61538461538461
95.45454545454544
77.77777777777779
100.0
80.0
100.0
78.94736842105263
71.42857142857143
86.66666666666667
85.71428571428571
91.30434782608695
94.73684210526316
75.86206896551724
100.0
75.0
84.0
61.90476190476191
100.0
87.5
85.71428571428571
71.42857142857143
66.66666666666666
100.0
100.0
100.0
100.0
90.9090909090909
93.75
100.0
73.68421052631578
100.0
100.0
100.0
100.0
100.0
100.0
100.0
100.0
85.71428571428571
100.0
83.33333333333334
100.0
100.0
91.30434782608695
71.42857142857143
66.66666666666666
94.73684210526316
66.66666666666666
75.67567567567568
83.33333333333334
93.33333333333331
95.83333333333334
79.16666666666666
100.0
73.33333333333333
90.0
78.37837837837837
70.37037037037037
92.3076923076923
100.0
44.44444444444444
33.33333333333333
50.0
100.0
90.0
70.0
100.0
33.33333333333333
100.0
94.73684210526316
62.5
100.0
100.0
100.0
37.5
87.5
100.0
68.75
75.0
100.0
100.0
100.0
72.72727272727273
100.0
81.81818181818183
69.23076923076923
100.0
66.66666666666666
100.0
100.0
91.66666666666666
66.66666666666666
66.66666666666666
68.75
58.333333333333336
72.72727272727273
77.77777777777779
91.42857142857144
96.0
100.0
100.0
62.5
81.48148148148148
95.83333333333334
81.81818181818183
93.33333333333331
87.5
100.0
94.73684210526316
96.66666666666669
76.0
100.0
75.0
100.0
81.81818181818183
70.58823529411765
81.81818181818183
80.0
81.48148148148148
96.29629629629628
80.0
68.75
89.28571428571429
100.0
94.73684210526316
100.0
100.0
100.0
100.0
92.0
88.57142857142857
85.71428571428571
88.88888888888889
88.88888888888889
88.88888888888889
95.83333333333334
93.33333333333331
100.0
100.0
100.0
100.0
61.53846153846154
100.0
96.42857142857144
100.0
100.0
100.0
88.88888888888889
77.77777777777779
80.0
81.81818181818183
87.5
100.0
84.21052631578947
93.33333333333331
72.0
100.0
100.0
100.0
100.0
76.47058823529412
100.0
100.0
54.54545454545454
100.0
96.29629629629628
86.66666666666667
75.0
88.88888888888889
75.0
81.81818181818183
100.0
87.5
100.0
73.68421052631578
90.0
76.0
100.0
87.5
100.0
100.0
91.42857142857144
69.56521739130434
88.88888888888889
86.95652173913044
80.64516129032258
90.47619047619048
66.66666666666666
76.47058823529412
88.57142857142857
100.0
70.0
50.0
100.0
100.0
100.0
68.96551724137932
86.66666666666667
89.47368421052632
100.0
100.0
100.0
100.0
100.0
100.0
100.0
100.0
96.96969696969695
76.47058823529412
71.42857142857143
86.36363636363636
88.88888888888889
100.0
85.29411764705883
100.0
85.71428571428571
100.0
75.0
90.0
82.6086956521739
100.0
51.85185185185185
100.0
86.95652173913044
100.0
55.55555555555556
100.0
66.66666666666666
75.0
75.0
85.71428571428571
70.58823529411765
100.0
66.66666666666666
100.0
92.3076923076923
100.0
100.0
100.0
100.0
100.0
88.88888888888889
70.0
76.47058823529412
100.0
90.47619047619048
96.66666666666669
82.35294117647058
93.75
87.8048780487805
100.0
100.0
81.81818181818183
100.0
37.5
71.42857142857143
100.0
100.0
87.5
64.28571428571429
92.3076923076923
81.81818181818183
68.0
61.53846153846154
42.85714285714285
83.33333333333334
100.0
86.66666666666667
72.72727272727273
45.45454545454545
62.5
75.0
50.0
76.92307692307693
78.26086956521739
54.16666666666666
100.0
53.84615384615385
70.58823529411765
83.33333333333334
83.78378378378379
88.46153846153845
54.54545454545454
54.54545454545454
93.33333333333331
85.0
94.73684210526316
50.0
82.35294117647058
78.57142857142857
73.33333333333333
100.0
63.1578947368421
75.0
90.9090909090909
100.0
100.0
81.81818181818183
66.66666666666666
100.0
86.66666666666667
100.0
61.53846153846154
95.45454545454544
87.09677419354838
96.42857142857144
87.5
94.73684210526316
100.0
84.21052631578947
71.42857142857143
90.47619047619048
91.66666666666666
95.23809523809524
71.42857142857143
100.0
88.0
100.0
62.5
96.15384615384616
100.0
100.0
95.45454545454544
100.0
53.333333333333336
100.0
75.0
71.42857142857143
94.11764705882352
100.0
100.0
100.0
80.0
88.23529411764706
95.65217391304348
91.66666666666666
55.55555555555556
100.0
100.0
100.0
93.75
100.0
91.66666666666666
73.33333333333333
87.5
87.5
93.75
83.33333333333334
100.0
100.0
92.3076923076923
100.0
63.63636363636363
83.33333333333334
100.0
100.0
90.47619047619048
100.0
86.36363636363636
84.0
92.85714285714286
100.0
93.93939393939394
87.5
96.0
89.47368421052632
87.5
100.0
100.0
100.0
66.66666666666666
75.0
100.0
100.0
66.66666666666666
86.66666666666667
75.0
87.5
100.0
70.0
100.0
81.48148148148148
82.75862068965517
66.66666666666666
84.61538461538461
100.0
100.0
70.0
95.23809523809524
92.85714285714286
63.63636363636363
100.0
90.9090909090909
80.0
100.0
73.33333333333333
62.5
83.33333333333334
83.33333333333334
33.33333333333333
75.0
80.0
70.58823529411765
71.42857142857143
88.23529411764706
84.61538461538461
100.0
62.5
100.0
76.92307692307693
100.0
41.66666666666667
100.0
60.0
90.0
86.66666666666667
93.33333333333331
75.0
86.36363636363636
100.0
78.26086956521739
95.45454545454544
55.55555555555556
100.0
90.0
100.0
84.21052631578947
100.0
71.42857142857143
95.0
82.35294117647058
78.57142857142857
95.45454545454544
91.66666666666666
94.73684210526316
90.0
100.0
76.92307692307693
77.77777777777779
86.48648648648648
100.0
75.0
86.66666666666667
100.0
100.0
60.71428571428571
94.73684210526316
82.35294117647058
88.23529411764706
83.33333333333334
72.72727272727273
66.66666666666666
62.5
75.0
66.66666666666666
57.14285714285714
38.46153846153847
69.23076923076923
75.0
93.33333333333331
85.71428571428571
100.0
100.0
100.0
82.35294117647058
61.90476190476191
76.92307692307693
100.0
100.0
90.47619047619048
100.0
85.71428571428571
75.0
83.33333333333334
95.45454545454544
90.9090909090909
28.57142857142857
75.0
87.5
33.33333333333333
86.66666666666667
78.57142857142857
92.85714285714286
58.82352941176471
82.35294117647058
88.88888888888889
100.0
81.48148148148148
74.07407407407408
91.66666666666666
100.0
55.55555555555556
94.44444444444444
70.0
90.0
89.47368421052632
94.73684210526316
90.625
93.75
68.42105263157895
89.47368421052632
85.71428571428571
85.71428571428571
100.0
100.0
86.66666666666667
86.66666666666667
85.71428571428571
85.71428571428571
85.71428571428571
76.92307692307693
69.23076923076923
84.61538461538461
82.6086956521739
100.0
95.65217391304348
100.0
100.0
100.0
88.88888888888889
88.88888888888889
100.0
80.0
80.0
100.0
58.333333333333336
58.333333333333336
66.66666666666666
66.66666666666666
72.22222222222221
61.11111111111112
100.0
95.0
100.0
88.88888888888889
100.0
72.22222222222221
78.94736842105263
68.42105263157895
89.47368421052632
80.0
80.0
80.0
88.88888888888889
100.0
88.88888888888889
72.72727272727273
81.81818181818183
100.0
82.35294117647058
100.0
88.23529411764706
100.0
100.0
100.0
100.0
85.71428571428571
100.0
81.25
75.0
87.5
66.66666666666666
66.66666666666666
100.0
85.0
80.0
85.0
81.81818181818183
86.66666666666667
53.84615384615385
73.07692307692307
84.375
78.57142857142857
64.28571428571429
63.63636363636363
95.65217391304348
78.94736842105263
90.9090909090909
76.92307692307693
92.85714285714286
90.2439024390244
83.33333333333334
100.0
76.92307692307693
100.0
80.0
90.0
90.9090909090909
100.0
61.53846153846154
100.0
100.0
71.42857142857143
85.71428571428571
62.5
76.92307692307693
75.0
74.07407407407408
100.0
100.0
100.0
88.88888888888889
100.0
93.75
80.0
96.875
86.36363636363636
81.81818181818183
82.35294117647058
91.66666666666666
85.71428571428571
100.0
100.0
92.85714285714286
66.66666666666666
100.0
100.0
100.0
100.0
89.47368421052632
100.0
72.41379310344827
75.0
100.0
100.0
100.0
92.3076923076923
77.27272727272727
53.84615384615385
76.92307692307693
61.11111111111112
75.0
100.0
100.0
93.33333333333331
87.5
100.0
93.75
100.0
81.81818181818183
87.5
81.81818181818183
100.0
83.33333333333334
100.0
85.71428571428571
94.44444444444444
52.94117647058824
83.33333333333334
62.5
91.66666666666666
66.66666666666666
100.0
71.42857142857143
100.0
100.0
58.333333333333336
58.82352941176471
69.23076923076923
100.0
72.72727272727273
84.61538461538461
100.0
57.89473684210527
100.0
68.42105263157895
75.0
82.35294117647058
100.0
100.0
77.77777777777779
76.92307692307693
100.0
72.22222222222221
84.84848484848484
64.28571428571429
86.36363636363636
94.11764705882352
78.26086956521739
84.61538461538461
74.07407407407408
86.66666666666667
94.73684210526316
78.94736842105263
76.66666666666667
52.0
84.21052631578947
75.0
56.52173913043478
80.0
90.0
66.66666666666666
84.21052631578947
13.333333333333334
57.89473684210527
50.0
70.0
16.666666666666664
71.42857142857143
73.33333333333333
81.81818181818183
94.11764705882352
84.21052631578947
87.5
75.0
100.0
58.333333333333336
62.5
73.07692307692307
100.0
88.23529411764706
91.66666666666666
75.0
69.23076923076923
92.3076923076923
85.71428571428571
55.55555555555556
29.411764705882355
100.0
91.66666666666666
90.0
91.66666666666666
44.44444444444444
80.0
84.61538461538461
90.0
72.22222222222221
100.0
85.71428571428571
78.57142857142857
100.0
95.23809523809524
100.0
78.94736842105263
63.63636363636363
82.92682926829268
86.95652173913044
90.47619047619048
89.47368421052632
87.09677419354838
86.36363636363636
94.44444444444444
100.0
72.0
100.0
66.66666666666666
38.88888888888889
54.54545454545454
75.86206896551724
84.61538461538461
66.66666666666666
21.428571428571427
100.0
66.66666666666666
69.23076923076923
91.66666666666666
80.0
78.57142857142857
75.0
66.66666666666666
100.0
75.0
100.0
40.0
60.86956521739131
90.47619047619048
76.92307692307693
69.23076923076923
75.0
100.0
85.18518518518519
80.64516129032258
80.0
40.0
82.35294117647058
84.61538461538461
100.0
93.5483870967742
80.0
100.0
63.63636363636363
85.71428571428571
83.33333333333334
86.36363636363636
87.5
83.33333333333334
84.61538461538461
63.63636363636363
78.26086956521739
100.0
71.42857142857143
81.25
54.54545454545454
86.66666666666667
100.0
75.0
75.0
76.47058823529412
93.33333333333331
100.0
55.55555555555556
87.5
88.88888888888889
88.88888888888889
90.9090909090909
100.0
93.33333333333331
82.75862068965517
50.0
84.21052631578947
100.0
90.0
71.42857142857143
82.14285714285714
86.66666666666667
45.45454545454545
93.75
95.0
87.5
96.15384615384616
83.33333333333334
94.11764705882352
85.18518518518519
92.85714285714286
100.0
72.72727272727273
69.23076923076923
69.23076923076923
88.23529411764706
100.0
72.72727272727273
68.18181818181817
100.0
100.0
87.5
50.0
81.81818181818183
100.0
100.0
100.0
69.23076923076923
76.92307692307693
88.88888888888889
100.0
100.0
100.0
90.0
87.09677419354838
100.0
92.85714285714286
100.0
60.0
70.0
91.66666666666666
81.25
85.18518518518519
82.35294117647058
87.5
76.19047619047619
72.72727272727273
84.21052631578947
42.85714285714285
74.07407407407408
64.0
72.72727272727273
80.0
86.95652173913044
100.0
90.0
82.6086956521739
76.19047619047619
86.95652173913044
65.0
75.0
95.23809523809524
82.6086956521739
86.66666666666667
63.1578947368421
91.66666666666666
94.44444444444444
87.5
87.5
77.77777777777779
80.0
90.0
44.44444444444444
72.72727272727273
88.88888888888889
100.0
50.0
68.18181818181817
69.23076923076923
100.0
80.0
100.0
91.66666666666666
100.0
100.0
61.53846153846154
100.0
80.0
87.5
100.0
87.5
77.27272727272727
80.95238095238095
86.36363636363636
80.0
73.68421052631578
100.0
76.47058823529412
75.0
91.30434782608695
100.0
90.0
70.58823529411765
96.55172413793105
92.0
71.42857142857143
81.81818181818183
89.47368421052632
64.70588235294117
81.25
77.77777777777779
100.0
66.66666666666666
96.15384615384616
100.0
83.33333333333334
85.18518518518519
100.0
56.25
90.0
87.5
70.0
100.0
70.0
75.0
78.57142857142857
88.88888888888889
100.0
76.47058823529412
77.27272727272727
92.3076923076923
66.66666666666666
71.42857142857143
80.0
77.27272727272727
61.53846153846154
69.23076923076923
88.88888888888889
75.0
100.0
100.0
93.33333333333331
87.5
88.88888888888889
87.5
90.47619047619048
70.0
78.125
50.0
100.0
85.0
100.0
97.14285714285714
84.21052631578947
80.95238095238095
58.82352941176471
88.46153846153845
100.0
83.33333333333334
100.0
80.0
92.3076923076923
42.85714285714285
90.0
87.5
88.0
100.0
100.0
78.57142857142857
100.0
85.71428571428571
